GbCity_EN,Beijingshi_110000,Tianjinshi_120000,Shijiazhuangshi_130100,Tangshanshi_130200,Qinhuangdaoshi_130300,Handanshi_130400,Xingtaishi_130500,Baodingshi_130600,Zhangjiakoushi_130700,Chengdeshi_130800,Cangzhoushi_130900,Langfangshi_131000,Hengshuishi_131100,Taiyuanshi_140100,Datongshi_140200,Yangquanshi_140300,Zhangzhishi_140400,Jinchengshi_140500,Shuozhoushi_140600,Jinzhongshi_140700,Yunchengshi_140800,Xinzhoushi_140900,Linfenshi_141000,Lvliangshi_141100,Huhehaoteshi_150100,Baotoushi_150200,Wuhaishi_150300,Chifengshi_150400,Tongliaoshi_150500,Eerduosishi_150600,Hulunbeiershi_150700,Bayannaoershi_150800,Wulanchabushi_150900,Xinganmeng_152200,Xilinguoleimeng_152500,Alashanmeng_152900,Shenyangshi_210100,Dalianshi_210200,Anshanshi_210300,Fushunshi_210400,Benxishi_210500,Dandongshi_210600,Jinzhoushi_210700,Yingkoushi_210800,Fuxinshi_210900,Liaoyangshi_211000,Panjinshi_211100,Tielingshi_211200,Zhaoyangshi_211300,Huludaoshi_211400,Changchunshi_220100,Jilinshi_220200,Sipingshi_220300,Liaoyuanshi_220400,Tonghuashi_220500,Baishanshi_220600,Songyuanshi_220700,Baichengshi_220800,Yanbianchaoxianzuzizhizhou_222400,Haerbinshi_230100,Qiqihaershi_230200,Jixishi_230300,Hegangshi_230400,Shuangyashanshi_230500,Daqingshi_230600,Yichunshi_230700,Jiamusishi_230800,Qitaiheshi_230900,Mudanjiangshi_231000,Heiheshi_231100,Suihuashi_231200,Daxinganlingdiqu_232700,Shanghaishi_310000,Nanjingshi_320100,Wuxishi_320200,Xuzhoushi_320300,Changzhoushi_320400,Suzhoushi_320500,Nantongshi_320600,Lianyungangshi_320700,Huaianshi_320800,Yanchengshi_320900,Yangzhoushi_321000,Zhenjiangshi_321100,Taizhoushi_321200,Suqianshi_321300,Hangzhoushi_330100,Ningboshi_330200,Wenzhoushi_330300,Jiaxingshi_330400,Huzhoushi_330500,Shaoxingshi_330600,Jinhuashi_330700,Quzhoushi_330800,Zhoushanshi_330900,Taizhoushi_331000,Lishuishi_331100,Hefeishi_340100,Wuhushi_340200,Bengbushi_340300,Huainanshi_340400,Maanshanshi_340500,Huaibeishi_340600,Tonglingshi_340700,Anqingshi_340800,Huangshanshi_341000,Chuzhoushi_341100,Fuyangshi_341200,Suzhoushi_341300,Luanshi_341500,Bozhoushi_341600,Chizhoushi_341700,Xuanchengshi_341800,Fuzhoushi_350100,Xiamenshi_350200,Putianshi_350300,Sanmingshi_350400,Quanzhoushi_350500,Zhangzhoushi_350600,Nanpingshi_350700,Longyanshi_350800,Ningdeshi_350900,Nanchangshi_360100,Jingdezhenshi_360200,Pingxiangshi_360300,Jiujiangshi_360400,Xinyushi_360500,Yingtanshi_360600,Ganzhoushi_360700,Jianshi_360800,Yichunshi_360900,Fuzhoushi_361000,Shangraoshi_361100,Jinanshi_370100,Qingdaoshi_370200,Ziboshi_370300,Zaozhuangshi_370400,Dongyingshi_370500,Yantaishi_370600,Weifangshi_370700,Jiningshi_370800,Taianshi_370900,Weihaishi_371000,Rizhaoshi_371100,Linyishi_371300,Dezhoushi_371400,Liaochengshi_371500,Binzhoushi_371600,Hezeshi_371700,Zhengzhoushi_410100,Kaifengshi_410200,Luoyangshi_410300,Pingdingshanshi_410400,Anyangshi_410500,Hebishi_410600,Xinxiangshi_410700,Jiaozuoshi_410800,Puyangshi_410900,Xuchangshi_411000,Taheshi_411100,Sanmenxiashi_411200,Nanyangshi_411300,Shangqiushi_411400,Xinyangshi_411500,Zhoukoushi_411600,Zhumadianshi_411700,Jiyuanshi_419001,Wuhanshi_420100,Huangshishi_420200,Shiyanshi_420300,Yichangshi_420500,Xiangyangshi_420600,Ezhoushi_420700,Jingmenshi_420800,Xiaoganshi_420900,Jingzhoushi_421000,Huanggangshi_421100,Xianningshi_421200,Suizhoushi_421300,Enshitujiazumiaozuzizhizhou_422800,Xiantaoshi_429004,Qianjiangshi_429005,Tianmenshi_429006,Shennongjialinqu_429021,Changshashi_430100,Zhuzhoushi_430200,Xiangtanshi_430300,Hengyangshi_430400,Shaoyangshi_430500,Yueyangshi_430600,Changdeshi_430700,Zhangjiajieshi_430800,Yiyangshi_430900,Chenzhoushi_431000,Yongzhoushi_431100,Huaihuashi_431200,Loudishi_431300,Xiangxitujiazumiaozuzizhizhou_433100,Guangzhoushi_440100,Shaoguanshi_440200,Shenzhenshi_440300,Zhuhaishi_440400,Shantoushi_440500,Foshanshi_440600,Jiangmenshi_440700,Zhanjiangshi_440800,Maomingshi_440900,Zhaoqingshi_441200,Huizhoushi_441300,Meizhoushi_441400,Shanweishi_441500,Heyuanshi_441600,Yangjiangshi_441700,Qingyuanshi_441800,Dongguanshi_441900,Zhongshanshi_442000,Chaozhoushi_445100,Jieyangshi_445200,Yunfushi_445300,Nanningshi_450100,Liuzhoushi_450200,Guilinshi_450300,Wuzhoushi_450400,Beihaishi_450500,Fangchenggangshi_450600,Qinzhoushi_450700,Guigangshi_450800,Yulinshi_450900,Baiseshi_451000,Hezhoushi_451100,Hechishi_451200,Laibinshi_451300,Chongzuoshi_451400,Haikoushi_460100,Sanyashi_460200,Sanshashi_460300,Danzhoushi_460400,Wuzhishanshi_469001,Qionghaishi_469002,Wenchangshi_469005,Wanningshi_469006,Dongfangshi_469007,Dinganxian_469021,Tunchangxian_469022,Chengmaixian_469023,Lingaoxian_469024,Baishalizuzizhixian_469025,Changjianglizuzizhixian_469026,Ledonglizuzizhixian_469027,Lingshuilizuzizhixian_469028,Baotinglizumiaozuzizhixian_469029,Qiongzhonglizumiaozuzizhixian_469030,Chongqingshi_500000,Chengdushi_510100,Zigongshi_510300,Panzhihuashi_510400,Luzhoushi_510500,Deyangshi_510600,Mianyangshi_510700,Guangyuanshi_510800,Suiningshi_510900,Neijiangshi_511000,Leshanshi_511100,Nanchongshi_511300,Meishanshi_511400,Yibinshi_511500,Guanganshi_511600,Dazhoushi_511700,Yaanshi_511800,Bazhongshi_511900,Ziyangshi_512000,Abazangzuqiangzuzizhizhou_513200,Ganzizangzuzizhizhou_513300,Liangshanyizuzizhizhou_513400,Guiyangshi_520100,Liupanshuishi_520200,Zunyishi_520300,Anshunshi_520400,Bijieshi_520500,Tongrenshi_520600,Qianxinanbuyizumiaozuzizhizhou_522300,Qiandongnanmiaozudongzuzizhizhou_522600,Qiannanbuyizumiaozuzizhizhou_522700,Kunmingshi_530100,Qujingshi_530300,Yuxishi_530400,Baoshanshi_530500,Zhaotongshi_530600,Lijiangshi_530700,Puershi_530800,Lincangshi_530900,Chuxiongyizuzizhizhou_532300,Honghehanizuyizuzizhizhou_532500,Wenshanzhuangzumiaozuzizhizhou_532600,Xishuangbannadaizuzizhizhou_532800,Dalibaizuzizhizhou_532900,Dehongdaizujingpozuzizhizhou_533100,Nujianglisuzuzizhizhou_533300,Diqingzangzuzizhizhou_533400,Lasashi_540100,Rikazeshi_540200,Changdoushi_540300,Linzhishi_540400,Shannanshi_540500,Naqushi_540600,Alidiqu_542500,Xianshi_610100,Tongchuanshi_610200,Baojishi_610300,Xianyangshi_610400,Weinanshi_610500,Yananshi_610600,Hanzhongshi_610700,Yulinshi_610800,Ankangshi_610900,Shangluoshi_611000,Lanzhoushi_620100,Jiayuguanshi_620200,Jinchangshi_620300,Baiyinshi_620400,Tianshuishi_620500,Wuweishi_620600,Zhangyeshi_620700,Pingliangshi_620800,Jiuquanshi_620900,Qingyangshi_621000,Dingxishi_621100,Longnanshi_621200,Linxiahuizuzizhizhou_622900,Gannanzangzuzizhizhou_623000,Xiningshi_630100,Haidongshi_630200,Haibeizangzuzizhizhou_632200,Huangnanzangzuzizhizhou_632300,Hainanzangzuzizhizhou_632500,Guoluozangzuzizhizhou_632600,Yushuzangzuzizhizhou_632700,Haiximengguzuzangzuzizhizhou_632800,Yinchuanshi_640100,Shizuishanshi_640200,Wuzhongshi_640300,Guyuanshi_640400,Zhongweishi_640500,Wulumuqishi_650100,Kelamayishi_650200,Tulufanshi_650400,Hamishi_650500,Changjihuizuzizhizhou_652300,Boertalamengguzizhizhou_652700,Bayinguolengmengguzizhizhou_652800,Akesudiqu_652900,Kezileisukeerkezizizhizhou_653000,Kashidiqu_653100,Hetiandiqu_653200,Yilihasakezizhizhou_654000,Tachengdiqu_654200,Aleitaidiqu_654300,Shihezishi_659001,Alaershi_659002,Tumushukeshi_659003,Wujiaqushi_659004,Tiemenguanshi_659006
Beijingshi_110000,,11.11,3.98,8.73,5.65,5.62,3.06,20.42,26.82,23.73,5.84,41.51,4.2,1.3,3.03,1.54,1.3,0.87,1.12,0.53,1.07,1.43,1.76,0.62,3.19,1.99,0.72,5.88,2.11,0.96,2.01,0.96,2.35,1.43,3.4,0.71,1.1,2.38,0.99,0.65,0.79,1.3,1.23,0.75,1.65,0.45,0.86,0.43,2.45,2.24,1.2,1.17,0.69,0.75,0.67,0.85,0.54,0.63,1.92,2.64,2.61,1.07,1.21,1.03,1.63,1.26,1.64,0.57,2.39,0.63,0.72,1.03,1.19,0.5,0.21,0.66,0.26,0.38,0.45,0.53,0.3,0.49,0.41,0.15,0.35,0.36,0.55,0.26,0.31,0.14,0.13,0.09,0.27,0.13,0.33,0.3,0.07,0.36,0.38,0.33,0.23,0.25,0.23,0.21,0.41,0.61,0.16,0.66,0.3,0.25,0.44,0.28,0.1,0.35,0.29,0.2,0.23,0.22,0.1,0.14,0.09,0.21,0.35,0.39,0.24,0.38,0.12,0.19,0.36,0.26,0.14,0.23,0.1,1.03,1.27,0.84,0.68,0.9,1.17,0.9,0.88,0.99,1.24,0.57,0.77,1.62,1.6,0.85,1.73,0.69,0.52,0.94,0.4,1.45,0.58,0.63,0.57,1.4,0.52,0.45,0.65,0.85,0.78,1.18,0.79,0.97,0.44,0.39,0.14,0.51,0.44,0.47,0.14,0.19,0.17,0.17,0.17,0.2,0.3,0.27,0.1,0.13,0.2,0.13,0.32,0.21,0.15,0.27,0.17,0.25,0.31,0.22,0.1,0.17,0.24,0.14,0.13,0.26,0.21,0.15,0.45,0.23,0.07,0.07,0.06,0.22,0.1,0.02,0.05,0.08,0.04,0.05,0.11,0.06,0.02,0.04,0.07,0.07,0.13,0.23,0.08,0.54,0.12,0.49,0.12,0.06,0.08,0.03,0.07,0.04,0.01,0.01,,0.42,2.27,5.88,0.23,0.19,0.95,0.4,0.5,0.26,0.09,0.02,0.22,0.19,0.37,0.17,0.33,1.11,0.64,0.02,0.79,0.33,0.1,0.15,0.1,0.07,0.24,0.17,0.1,0.05,0.08,0.11,0.06,0.23,0.07,0.13,0.04,0.21,0.06,0.02,0.06,0.13,0.19,0.04,0.14,0.13,0.02,0.06,0.07,0.1,0.09,0.12,0.05,0.08,0.11,0.07,0.55,0.19,0.21,0.07,0.06,,0.17,0.45,0.01,0.06,0.15,0.44,0.04,0.13,0.38,0.07,,,0.85,,0.58,0.13,0.46,,0.99,0.63,0.8,0.65,0.5,0.12,0.37,0.21,0.54,0.18,0.42,0.45,0.59,0.93,0.2,0.4,0.16,0.04,0.55,0.11,0.03,,0.03,,,0.28,0.65,0.4,0.1,0.1,0.18,0.34,0.73,0.06,0.53,0.07,0.06,0.74,0.18,0.02,0.4,0.29,0.08,0.0,0.01,0.12,0.62,,0.04,0.06
Tianjinshi_120000,8.59,,1.93,27.26,6.54,5.52,1.56,4.82,6.6,6.74,15.73,15.77,2.51,0.36,1.88,0.65,0.55,0.29,0.83,0.4,0.39,0.46,0.51,0.46,0.67,0.59,0.15,2.19,0.7,0.34,1.13,0.28,0.64,0.22,0.32,0.04,0.49,1.27,0.54,0.29,0.36,0.65,0.84,0.58,0.73,0.16,0.58,0.26,1.36,1.98,0.5,0.49,0.4,0.39,0.52,0.33,0.21,0.32,0.63,0.82,1.29,0.66,0.09,0.23,0.58,0.78,0.33,0.23,0.65,0.39,0.35,0.56,0.27,0.13,0.14,0.29,0.09,0.16,0.15,0.24,0.12,0.21,0.09,0.07,0.09,0.15,0.16,0.16,,0.08,0.06,,0.1,0.09,0.15,0.11,,0.11,0.1,0.13,0.04,0.06,0.08,0.06,0.05,0.15,0.08,0.28,0.1,0.04,0.15,0.08,0.11,0.08,0.04,0.06,0.05,0.09,,,,0.07,0.05,0.17,0.06,0.07,,,,0.07,,,,0.54,0.5,0.55,0.4,1.3,0.62,0.55,0.51,0.45,0.57,0.3,0.46,2.31,0.93,2.29,0.7,0.2,0.19,0.4,0.26,0.79,0.45,0.28,0.3,1.02,0.23,0.1,0.12,0.33,0.46,0.24,0.31,0.23,0.16,0.08,0.02,0.07,0.08,0.1,,0.04,0.03,0.05,0.04,,0.07,,,,0.03,,0.07,0.05,0.02,0.07,0.03,0.05,0.04,,0.02,0.03,0.04,0.1,,0.04,0.04,0.03,0.07,0.08,,,,0.07,0.02,,,0.03,,,0.02,0.02,,,,,0.01,0.07,0.02,,,0.16,0.12,0.05,,,0.02,,0.03,,,0.07,0.42,,0.05,0.04,0.12,0.06,0.17,0.05,,0.02,0.06,0.01,0.03,,0.08,0.18,0.02,0.05,0.19,0.06,0.02,,0.02,0.02,0.06,0.03,0.03,0.02,0.01,0.01,0.02,0.07,,0.02,0.0,0.02,0.01,0.0,0.01,,0.04,0.01,0.04,,,,0.04,0.07,0.02,0.11,0.04,0.02,0.02,,0.24,0.04,0.01,0.08,0.02,,0.14,,,,,0.05,,0.26,,0.07,,,0.2,,0.33,0.09,0.44,0.1,0.3,0.4,,,0.11,0.02,0.05,0.07,,0.02,0.11,0.1,0.06,0.77,0.03,0.07,0.04,0.08,0.1,0.02,,0.5,0.03,,,0.06,0.1,0.11,0.03,0.04,0.01,0.11,0.02,0.02,0.05,0.03,,0.08,0.03,,,2.47,0.02,,,0.01,0.02,,,
Shijiazhuangshi_130100,3.61,2.41,,3.67,4.38,12.21,31.11,19.29,7.77,5.4,7.25,2.78,18.21,0.82,0.53,7.38,0.69,0.65,0.51,1.03,0.41,3.54,0.5,0.5,0.39,0.28,0.08,0.54,0.15,0.3,0.13,0.09,0.29,0.06,0.28,0.19,0.2,0.47,0.16,0.11,0.13,0.16,0.24,0.16,0.19,0.04,0.12,0.06,0.33,0.35,0.22,0.09,0.13,0.07,0.03,,0.05,0.05,0.2,0.41,0.22,0.09,,0.11,0.08,0.03,0.05,0.19,0.19,0.1,0.06,,0.13,0.09,0.09,0.26,0.05,0.07,0.14,0.16,0.15,0.09,0.06,0.05,0.08,0.09,0.07,,0.18,,,,,,0.07,0.11,,0.07,0.04,0.15,0.03,0.03,0.05,0.03,0.08,0.11,0.06,0.12,0.14,0.07,0.06,0.02,0.07,,0.03,,0.04,,0.02,,0.02,0.04,0.09,0.07,,,,,,,,,,0.4,0.27,0.26,0.18,0.26,0.36,0.47,0.27,0.31,0.38,0.26,0.33,0.92,0.79,0.4,0.31,0.22,0.13,0.23,0.12,0.63,0.27,0.28,0.23,0.34,0.16,0.13,0.23,0.22,0.21,0.11,0.15,0.27,0.11,0.1,,0.08,0.18,0.11,,0.1,0.05,0.1,0.04,0.04,0.04,0.08,,0.03,,,0.05,,0.02,0.05,,0.04,,,0.02,0.06,0.05,0.08,,0.07,0.03,,,,,,,,0.02,0.01,,,,,,,,,0.02,0.03,,0.06,0.02,0.26,,0.25,0.1,0.02,,,,,0.02,,0.03,0.05,0.19,,0.07,0.13,0.14,0.05,0.12,0.05,0.01,,0.02,0.01,,,0.04,0.17,0.05,,0.12,0.05,0.03,,0.02,0.01,0.11,0.11,0.01,,,0.01,0.0,0.01,0.02,,0.02,0.03,,,0.01,0.02,0.02,0.01,0.03,,0.01,0.03,,,0.03,0.14,0.02,0.02,0.08,,0.05,,0.03,0.04,,0.04,0.11,,0.05,,,0.08,,0.06,,0.03,,,0.08,0.73,0.21,0.08,0.19,0.24,0.28,1.17,0.4,0.47,0.12,,0.09,0.09,0.08,0.06,0.11,0.06,0.19,0.07,0.04,0.07,0.07,,0.05,,,0.02,,,0.19,0.12,0.2,0.22,0.05,,0.03,0.07,,0.13,0.1,0.02,0.02,0.15,0.07,,0.02,0.09,0.01,,0.01,0.03,0.14,,0.03,0.03
Tangshanshi_130200,2.99,12.62,1.54,,27.21,0.79,0.56,1.74,2.38,17.88,1.96,2.75,1.02,0.13,1.15,0.32,0.2,0.14,0.29,0.41,0.2,0.18,0.27,0.33,0.11,0.13,0.17,2.51,0.43,0.17,0.23,0.13,0.15,0.07,0.35,0.05,0.25,0.53,0.45,0.24,0.29,0.27,0.57,0.57,0.73,0.26,0.36,0.16,2.67,1.86,0.2,0.24,0.27,0.54,0.43,0.09,0.12,0.17,0.26,0.28,0.2,0.18,0.06,0.07,0.1,0.33,0.11,0.04,0.19,0.07,0.1,,,,,0.1,,,0.07,0.06,0.05,0.06,0.04,,,0.02,,,,,,,,,0.07,,,,,0.06,,0.03,0.02,,,,,,0.08,0.05,0.03,0.06,,,0.02,,,,0.03,0.03,,,,,0.04,,,0.06,,,,,,0.11,0.14,0.11,0.04,0.31,0.19,0.21,0.15,0.15,0.29,0.21,0.13,0.26,0.24,0.56,0.15,0.05,0.06,0.08,,0.15,0.07,0.09,0.05,0.05,0.04,0.02,,,0.07,,,,0.05,,,,,,,,,,,,,,,,,,,,0.02,,,,0.06,,,,,,0.02,,,0.05,,,,,,,,,,,0.02,,,,,,,,,,,0.15,0.04,,,0.03,0.01,,,,,,,0.02,0.17,,,,0.05,0.01,,,,,,0.03,,0.06,0.02,0.1,,0.02,,,,,,,0.02,0.02,,,,,,,,,,,0.01,,,,,,,,,,,,,,,,,,,,,,,,,,,,,0.07,,,,0.01,,0.2,0.06,0.07,,,0.19,,,0.11,,,,0.02,,0.03,,,,,0.03,,0.02,,,0.01,,,,,,,,0.04,0.05,0.14,,0.03,0.01,,0.03,0.02,0.05,0.01,,0.05,0.05,,,,,,,,0.04,,,
Qinhuangdaoshi_130300,0.95,1.56,0.56,14.56,,0.17,0.15,0.59,0.95,4.07,0.57,0.81,0.3,0.03,0.28,0.06,,,0.08,0.1,,0.04,,,0.04,0.05,0.05,0.39,0.22,0.1,0.33,0.05,0.04,0.07,0.08,0.05,0.26,0.33,0.28,0.13,0.17,0.26,0.75,0.34,0.58,0.16,0.38,0.17,0.83,14.26,0.16,0.25,0.17,0.09,0.3,0.11,0.11,0.13,0.3,0.23,0.39,0.12,0.25,0.11,0.15,0.37,0.08,0.09,0.52,0.1,0.16,0.18,,,,,,,,,,,,,,,,,,,,,,,,,,,,0.03,,,,,,,,,,,,,,,,,0.04,,,,,,,,,,,,,,,,,0.05,0.06,0.04,,0.09,0.13,0.08,,0.06,0.16,0.05,,0.09,0.05,0.09,0.05,,,,,0.03,,,,,,,,,,,,,,,,,,,,,,,,,,,,,,,,,,,,,,,,,,,,,,,,,,,,,,,,,,,,,,,,,,,,,,,,,,,,,,,,,,,,,,,0.03,0.02,,,,,,,,,,,,,,,,,,,,,,,,,,,,,,,,,,,,,,,,,,,,,,,,0.01,,,,,0.08,,,,,,,,,,,,,,,,,,,,,,,,,,,,,,,0.08,0.01,,,,,0.02,,,,,,,,0.03,,,,,0.01,,,,,,,,,,,,,,,,,
Handanshi_130400,2.79,3.26,9.69,1.15,1.64,,22.47,2.49,0.87,0.68,1.3,1.2,4.14,0.31,0.24,0.74,6.7,2.08,0.3,1.03,0.76,0.35,1.0,0.51,0.12,0.13,,0.16,0.06,0.22,,,0.11,0.06,0.13,0.02,0.08,0.29,0.1,0.02,0.05,0.05,0.1,0.09,0.11,0.03,0.13,0.01,0.09,0.22,0.09,0.06,0.07,,0.03,0.11,0.03,0.03,0.11,0.14,0.04,,0.03,,0.04,0.03,0.03,,,,,,,0.05,0.07,0.29,0.04,0.07,0.1,0.14,0.08,0.09,0.13,0.03,0.07,0.07,,,,,0.06,,,,,,,0.07,0.11,0.14,0.05,0.05,0.09,0.08,,,0.08,0.09,0.19,0.48,0.04,0.02,,,0.02,,,,,,,,,0.07,,,0.08,,,,,0.04,0.04,0.36,0.35,0.18,0.23,0.22,0.3,1.04,0.3,0.49,0.23,0.53,0.28,0.56,6.55,0.27,0.68,0.3,0.17,0.37,0.15,11.11,0.91,0.54,0.38,4.63,0.2,0.09,0.28,0.21,0.22,0.18,0.17,0.2,0.26,0.07,0.05,0.11,0.13,0.12,0.03,0.09,0.03,0.05,0.05,0.11,0.05,0.06,0.02,0.02,0.04,,0.02,0.02,0.02,0.03,,,0.04,0.06,,,,0.05,0.04,,,0.03,,,,,,,,,,,,,0.04,,,,,,,0.02,0.02,0.23,,0.04,0.13,,,,0.03,,,0.03,,0.01,0.08,,,,0.07,,,,0.03,,,,,,0.05,0.04,,,0.07,0.01,,0.03,,,0.07,,0.04,,0.02,,0.0,,,,0.02,,0.01,,,,0.02,0.02,,,,0.03,,,,0.07,0.02,0.03,0.05,,0.03,,,,0.04,,,0.03,,,,0.09,0.02,0.03,,,0.02,,1.42,0.22,0.21,0.63,0.55,0.48,0.23,0.52,0.3,,0.04,,0.01,0.07,0.04,0.09,0.09,0.03,,0.16,,,,,,,,,,,,0.04,0.06,0.13,0.01,0.02,0.05,,,0.04,,0.02,,0.06,0.04,,,,0.02,0.0,,,,,0.01,
Xingtaishi_130500,1.55,1.25,22.52,1.04,1.43,21.2,,2.65,0.67,0.71,1.67,0.93,9.41,0.19,0.23,0.76,1.53,0.38,0.16,0.8,0.22,0.59,0.4,0.54,0.08,0.11,,0.12,0.09,0.21,0.08,0.08,0.07,,0.14,,0.07,0.19,0.04,0.07,,0.03,0.05,0.05,0.1,0.02,0.1,0.03,0.15,0.07,0.07,0.04,0.04,0.03,0.06,0.03,0.01,0.02,0.13,0.1,,,,0.03,,,,0.28,,,0.04,,,,,0.12,,,,0.08,,0.05,0.05,0.04,,0.03,,,,,,,,,,,,0.04,0.03,0.04,0.03,0.03,,,,,0.05,0.06,0.07,0.04,0.05,,,,,,,,,,,,,,0.05,,,0.03,,,,,,0.33,0.13,0.21,0.11,0.12,0.11,0.4,0.18,0.23,0.21,0.21,0.23,1.29,6.38,0.19,0.3,0.11,0.06,0.16,0.05,0.55,0.26,0.2,0.16,0.34,0.07,0.09,0.17,0.15,0.11,0.06,0.11,0.12,0.1,0.04,,0.1,,0.05,0.03,0.07,,0.04,,,0.05,,,,,,,,,,,,,,0.02,,,,,,,,,,,,,,,,,,,,,,,,,,,,,0.13,,,0.13,,,,,0.02,,,,,0.04,,,,0.05,,0.02,,0.01,,,,,,,,,,,,,,,,,0.02,,0.01,0.01,,,,,0.02,0.01,,,,0.04,,,,,,,,,,,,,0.02,,,0.05,,,,,,,,,,,0.08,0.04,,0.03,,,,,,0.45,,0.16,0.31,,0.66,0.15,0.37,,,0.03,,0.04,,0.07,,,0.08,,,,0.05,,,,,0.01,,,,0.07,0.05,0.02,,0.05,,,0.02,,0.01,,0.08,0.03,,,0.04,,,,,,,0.03,
Baodingshi_130600,13.85,5.33,21.66,3.29,3.22,2.86,2.89,,7.09,3.07,13.35,10.9,9.52,0.35,2.01,1.18,0.38,0.36,1.01,0.5,0.48,3.14,0.45,0.26,0.43,0.4,0.05,0.83,0.23,0.61,0.23,0.49,0.5,0.13,0.69,0.04,0.16,0.36,0.27,0.1,0.08,0.36,0.3,0.22,0.25,0.08,0.09,0.11,0.43,0.6,0.16,0.15,0.12,0.13,0.07,0.03,0.11,0.13,0.2,0.28,0.18,0.18,0.03,0.11,0.05,0.07,0.06,,0.08,0.21,0.08,,0.09,0.05,0.06,0.2,0.05,,0.09,0.11,0.07,0.08,0.04,0.05,0.09,0.06,,,,,,0.05,,,,,,0.05,0.05,0.14,0.08,0.02,0.07,0.02,0.11,0.09,0.09,0.18,0.11,0.05,0.13,,0.03,,,0.07,,,0.03,0.03,,,,0.06,,,0.04,,,,,,,0.21,0.23,0.19,0.25,0.3,0.29,0.37,0.23,0.3,0.21,0.36,0.3,0.74,0.62,0.85,0.33,0.14,0.2,0.25,0.14,0.52,0.35,0.22,0.24,0.51,0.13,0.14,0.38,0.32,0.25,0.12,0.16,0.23,0.19,0.06,0.03,0.1,0.05,0.08,,0.33,0.05,,,,0.07,,0.02,,0.04,,0.03,,0.01,0.03,0.05,0.05,0.03,,0.03,0.05,0.06,0.05,0.03,,,,,,,,,0.05,0.02,,,,,,,,,,,,0.01,0.04,0.02,0.17,,0.08,0.05,,,,0.04,0.07,,,0.02,0.03,0.14,,0.02,,0.09,0.07,0.05,,0.01,,,,,0.08,0.04,0.1,0.02,,0.1,0.02,0.01,,0.01,0.0,0.05,0.03,0.02,,,0.04,0.01,0.02,0.01,0.04,,0.04,0.05,,,0.04,0.02,,0.03,,,,,,0.02,0.06,,,0.05,,,0.04,0.09,0.03,0.04,,0.44,0.03,0.03,,,,0.04,0.19,0.06,0.01,,,0.14,0.22,0.29,0.13,0.31,0.44,,0.41,0.12,,0.06,,0.05,0.06,0.23,,0.15,0.11,0.11,0.1,0.04,0.05,0.03,,0.07,,0.01,,,,0.09,0.09,0.12,0.15,0.03,0.01,0.05,0.05,0.02,,0.12,0.02,0.09,0.07,0.02,,,0.09,0.05,,,,0.02,0.05,0.01,
Zhangjiakoushi_130700,5.16,1.17,1.28,1.18,0.78,0.3,0.25,2.0,,3.5,0.42,1.47,2.32,0.08,5.53,0.07,0.05,0.09,1.16,0.05,0.17,0.16,0.07,0.05,0.81,0.81,0.14,0.47,0.08,1.04,0.13,0.38,4.97,0.03,10.33,0.08,,0.14,0.04,,,,0.09,,0.06,0.02,0.07,,0.04,0.08,,0.04,0.02,,,,0.03,0.02,,,,,,,,,,,,,,,,,,,,,,,,,,,,,,,,,,,,,,,,,,0.04,,,,,,0.05,,,,,,,,,,,,,,,,,,,,,,,,,,,,0.04,0.04,0.05,0.05,0.06,0.05,0.05,,0.03,,0.04,,0.11,0.06,0.1,,,,,,0.03,0.02,,,,,,,,,,,,0.02,,,,,,,,,,,,,,,,,,,,,,,,,,,,,,,,,,,,,,,,,,,,,,,,,,,,,,,,,,,,,,,,,,,,0.05,,,,,,,,,,0.01,0.01,,,,0.05,,,,,,0.01,,,,,,,,,,,,,,,,0.0,,,,,,,,,,,,,,,,,0.03,,,,,,,,,,,,,,,0.01,,,,,,,,,,0.12,0.12,,,0.06,0.07,0.04,,,0.03,,0.03,,,,0.03,0.01,,,,,,,,,0.06,0.12,,,,,0.01,,,,,,,,0.06,,,,,0.02,,,,
Chengdeshi_130800,3.45,1.22,0.8,6.77,3.27,0.16,0.16,0.88,2.74,,0.44,1.47,0.23,0.02,0.08,,,,0.14,0.03,,0.03,,0.04,0.18,0.14,0.05,8.29,0.72,0.16,0.05,0.09,0.28,0.21,3.74,0.02,0.09,0.22,0.12,0.03,,0.08,0.12,0.13,0.29,0.05,0.13,0.04,5.05,0.57,0.06,,0.05,0.04,0.02,0.05,0.06,0.17,0.08,,0.05,,0.06,,,,,,,,0.02,,,,,,,,,,,,,,,,,,,,,,,,,,,,,,,,,,,,,,0.04,,,,,,,,,,,,,,,,,,,,,,,,,,,,0.03,0.06,0.05,0.06,,,,0.04,,0.06,,0.03,,,,,,,,,,,,,,,,,,,,,,,,,,,,,,,,,0.02,,,,,,,,,,,,,,,,,,,,,,,,,,,,,0.02,,,,,,,,,,,,,,,,,,,,,,,,,,,,,,,,,,,,,,,,,,,,,,,,,,,,,,,,,,,,,,,,,,,,,,,,,,,,,,,,,,,,,,0.02,,,,,,,,0.01,,,,,,,,,,,,,,0.07,,0.02,,,0.03,,,,,,,,,0.0,,,,,,,0.05,0.05,,,,,0.01,,,,,,,,,,,0.0,,,0.01,,,
Cangzhoushi_130900,2.44,9.79,5.12,3.09,2.2,1.41,1.67,9.73,1.22,1.15,,6.7,16.04,0.11,0.35,0.26,0.59,0.2,0.41,0.48,0.11,0.6,0.15,0.32,0.11,0.2,0.04,0.53,0.16,0.25,0.16,0.17,0.18,0.03,0.4,0.14,0.13,0.3,0.19,0.07,,0.14,0.26,0.06,0.34,0.06,0.24,0.07,0.4,0.47,0.11,0.15,0.12,0.06,0.11,0.07,0.16,0.11,0.16,0.21,0.06,0.06,0.03,,0.1,0.26,0.07,0.09,0.21,0.05,0.08,,,0.04,0.08,0.18,0.05,0.05,0.07,0.14,0.05,0.11,0.07,,0.06,0.06,,,,,,,,,0.07,,,0.05,0.04,0.08,0.04,0.03,0.03,,,,0.05,0.08,0.11,0.04,,,,,,,,,,0.04,,,,,,,,,,,,,,0.42,0.26,0.43,0.18,1.1,0.33,0.55,0.28,0.3,0.3,0.22,0.29,7.96,0.77,3.52,0.3,0.06,0.07,,,0.19,0.14,0.14,0.1,0.2,0.06,0.03,,0.1,0.11,,0.07,0.06,0.04,,,,,,,,,,,,,,,,0.03,,,,,,,,,,,,,,,,,,,,,,,,,,,,,,,,,,,,,,,,,0.06,,,,,,,,0.01,,,0.05,,0.02,0.04,0.1,0.02,0.04,0.05,0.01,,0.02,0.06,,,,0.03,0.05,0.02,,,,,,,0.02,,,,,,,,,,0.02,,0.01,,,,,,,,,,,,,,,,,,0.06,,,,,,0.08,,,,,,0.02,,0.06,,,,,,0.14,0.13,,,,0.25,,,,,0.05,,0.04,0.03,0.03,,0.04,0.19,,,0.01,0.01,0.03,,,,0.01,,,0.03,0.08,0.13,0.02,0.01,,0.04,0.05,0.04,0.05,0.01,,0.04,,,0.03,0.04,0.03,,,0.0,0.02,,,
Langfangshi_131000,20.82,12.78,2.0,4.2,2.17,1.02,0.96,9.66,3.03,4.27,10.21,,4.41,0.12,0.29,0.15,0.19,0.17,0.17,0.11,0.16,0.12,0.15,0.12,0.26,0.22,0.06,1.2,0.3,0.12,0.32,0.15,0.29,0.11,0.92,0.04,0.17,0.39,0.18,0.09,0.13,0.12,0.29,0.22,0.23,0.1,0.15,0.06,0.59,0.48,0.13,0.13,0.1,0.07,0.14,0.09,0.1,0.19,0.48,0.37,0.54,0.18,0.19,0.19,0.28,0.52,0.25,,0.28,0.23,0.22,0.28,,,,0.15,,,,0.08,0.06,0.05,0.05,0.03,,0.1,,,,,,,,,,,,0.05,0.03,0.05,0.04,,,,0.05,,0.05,0.09,0.08,0.04,0.09,0.04,,,0.02,,,,,,,,0.04,,,,,,,,,,,0.18,0.13,0.14,0.12,0.2,0.2,0.18,0.17,0.17,0.14,0.08,0.21,0.58,0.37,0.35,0.27,0.07,0.07,0.13,0.04,0.15,0.12,0.1,0.07,0.24,0.07,0.03,0.13,,0.13,0.13,0.19,0.07,0.04,,,0.06,,0.06,,,0.01,,,,0.05,,,0.03,,,0.02,,,0.04,,,,,,0.03,,,,0.03,,,,,,,,,,,,,,,,,,,,,,0.02,0.01,,,0.06,0.05,,,,0.02,,,,,0.03,0.2,,0.02,0.02,0.1,0.05,0.04,0.07,0.01,,,,0.03,0.02,,0.1,0.12,,0.06,0.02,,,,,,,,,,,,0.02,,,,0.09,0.01,,0.01,,0.02,0.01,,,,,,,,,,0.03,0.02,,0.07,0.01,,,,,0.14,0.03,0.01,,,,0.02,0.03,0.03,,0.02,,,,,0.11,,0.1,,0.14,0.24,,,0.02,0.05,,,,,,0.03,0.23,,,,,0.07,0.01,,,0.01,0.13,,,0.08,0.12,,0.05,,0.07,0.02,,,0.01,,0.17,0.04,,0.12,,,,,,,,,
Hengshuishi_131100,2.31,2.07,11.31,5.45,6.2,3.39,7.4,6.14,10.38,3.63,11.44,2.45,,0.17,0.2,0.6,0.61,0.21,0.33,0.16,0.2,0.27,0.13,0.06,0.15,0.13,0.04,0.11,0.04,0.16,0.08,0.03,0.13,,0.1,0.02,0.05,0.18,0.11,0.02,0.05,0.04,0.08,0.03,0.04,0.06,0.04,0.02,0.05,0.17,0.07,0.03,0.03,,0.06,,0.01,0.03,0.05,0.14,,,,0.01,0.04,0.03,0.02,,0.06,,0.02,,,,0.07,0.14,,,,0.05,,,,,,0.03,,,,,,,,0.09,,,,,,0.05,,0.02,0.02,0.02,0.05,,0.03,0.07,0.1,0.03,0.06,,,,,,,,,,,,,,0.04,,,,,,,,,0.35,0.19,0.16,0.08,0.35,0.11,0.27,0.15,0.17,0.18,0.2,0.09,11.92,0.75,0.42,0.25,0.07,0.03,0.1,0.05,0.18,0.11,0.1,0.07,0.28,0.04,,0.11,,0.1,,0.05,0.16,0.13,,0.03,,,,,,,,,,,,,,,,,,,,,,,,,0.05,,,0.02,,,,,,,,,,,,,,,,,,,,,,,,,,,0.06,0.17,,,,0.02,,0.01,,,,0.05,,,,,,0.02,,0.01,,,,,,,0.05,0.02,,,,,,,,,,,0.0,,,,,,,,,,,,,,,,,,,,,,,,,,,,,,0.03,,,,,,,,,0.07,0.06,,0.01,,,,,,,,,,0.11,,0.09,,,,,0.05,0.02,0.13,,,0.05,,,,,,,,,,,,,0.05,0.05,,,0.01,,0.01,,0.07,,,,,,0.03,0.04,0.01,,,,0.02,,,
Taiyuanshi_140100,0.88,0.53,0.83,0.24,0.38,0.5,0.43,0.49,0.4,0.13,0.24,0.18,0.19,,11.36,26.56,21.48,11.22,15.26,47.38,8.6,40.55,21.56,54.94,0.36,0.23,0.05,0.1,0.04,0.44,0.06,0.07,0.3,0.06,0.12,0.09,0.21,0.26,0.08,0.07,0.16,0.13,0.17,0.04,0.1,0.06,0.06,0.03,0.02,0.11,0.12,0.06,0.08,0.06,0.02,,0.01,0.05,0.05,0.21,0.07,0.12,0.06,0.03,,,0.02,,0.08,,0.03,,0.11,0.08,0.05,0.22,,0.05,0.14,0.07,0.07,0.06,0.07,,0.1,,,,,,,,,,,,,0.04,0.03,,0.02,,0.03,,,,0.03,0.04,,,,,,,0.02,,,,,,,,0.04,,,,0.03,,,,,,,0.14,0.13,0.07,0.26,0.07,0.15,0.13,0.09,0.09,0.32,0.07,0.07,0.16,0.16,0.07,0.08,0.12,0.06,0.19,0.09,0.36,0.05,0.13,0.23,0.05,0.04,0.03,0.25,0.14,0.18,0.05,0.06,0.06,0.19,0.07,,0.1,0.1,0.08,,,,,,0.04,0.03,0.12,,0.02,,,0.03,,,,,,,,,,,,,,,,,0.02,,,,0.05,,,,,,,,,,,,,,,,0.14,0.02,0.05,0.05,,,,0.02,0.03,,,,0.05,0.28,,0.03,0.02,0.19,0.06,0.04,0.13,0.03,,0.09,0.01,,0.02,,0.14,0.02,,0.09,0.02,,0.04,0.01,0.01,0.08,0.03,,0.0,,0.03,0.01,0.08,,,,0.13,,,,,0.04,,,0.02,,,,,,0.09,,0.03,,,0.03,0.03,,0.03,0.04,,0.05,,0.03,,,0.14,0.02,0.03,0.03,0.01,,,0.2,,0.33,,0.27,0.27,0.15,1.3,0.24,0.47,0.08,0.04,,0.05,0.12,0.05,0.03,,0.05,,0.1,,0.03,0.01,0.13,,0.01,0.02,0.01,,,0.04,0.23,0.1,0.06,0.04,0.06,0.06,,,0.17,0.03,,,,,,,,,,0.0,0.05,,0.01,
Datongshi_140200,0.74,0.45,0.13,0.26,0.22,0.06,0.08,0.7,6.92,0.23,0.17,0.14,0.07,3.47,,1.19,0.75,0.76,48.76,1.82,0.47,5.69,1.31,0.76,1.49,0.99,0.07,0.2,0.02,1.4,,0.25,8.82,0.02,0.51,,0.05,0.2,0.05,0.04,,,0.04,,0.05,,,,,0.07,,,,,0.04,,,,,,,,0.03,,,,,0.04,0.08,,,,,,,0.08,,,,,,,,,,,,,,,,,,,,,,,,,,,,,,,,,,,,,,,,,,,,,,,,,,,,,,,,,,0.04,0.04,,,,0.05,,,,,,,0.04,,0.05,,,,,,,,,0.07,,,,,,,,,,0.04,,,,,,,,,,,,,,,,,,,,,,,,,,,,,,,,,,,,,,,,,,,,,,,,,,,,,,,,,,0.03,,,,,,,,,,,,,,,0.01,,,0.06,,,0.07,,,,0.03,,,,,,,,,,,,,,,,,,,,,,,,,,,,,,,,,,,,,,,,,,,,,,,,,,,,0.13,,,,,,,,,,0.1,,0.61,,,,0.01,,,,,,,,,0.01,,,,,,0.03,,0.01,,,,0.07,0.04,,,,,,,0.1,,,,,,,,,0.0,,,0.01,,0.04,
Yangquanshi_140300,0.14,0.11,1.06,0.06,,0.09,0.22,0.16,,,0.1,,0.18,4.12,0.64,,0.64,0.4,0.3,6.48,0.14,2.33,0.32,0.64,0.03,,0.01,,,0.04,,,0.05,,,,,,,,,,,,,,,,,,,,,,,,,,,,,,,,,,,,,,,,,,,,,,,,,,,,,,,,,,,,,,,,,,,,,,,,,,,,,,,,,,,,,,,,,,,,,,,,,,,,,,,,,,,,,,,,,0.08,0.05,0.03,,,,,,0.07,,,,0.04,,,,,,,,,,,,,,,,,,,,,,,,,,,,,,,,,,,,,,,,,,,,,,,,,,,,,,,,,,,,,,,,,,,,,,,,,,,,,,,,,,,,,,,,,,,,,,,,,,,,,,,,,,,,,,,,,,,,,,,,,,,,,,,,,,,,,,,,,,,,,,,,,,,,,,,,,,0.1,,0.22,,,,,,,,,,,,,,,,0.01,,,,0.02,,,,,,,,,,,0.02,,,,,,,,,,,,,,,,,
Zhangzhishi_140400,0.16,0.16,0.12,0.07,0.11,2.85,0.61,0.1,0.03,,0.1,,0.22,6.0,1.86,1.66,,35.7,0.7,5.78,1.41,1.5,6.54,1.89,0.07,0.09,0.08,0.06,,0.06,,0.05,0.06,,,0.05,,,,0.02,,,,,,,,,0.02,0.08,,,,,,,,,,,,,,,,,,,,,,,,,,0.13,,,,,,,,,0.04,,,,,,,,,,,,,,,,,,,,,,,,0.02,,,,,,,,,,,,,,,,,,,,,,,,,0.04,,,0.05,0.05,0.05,0.05,0.08,0.1,,0.11,,0.06,0.45,0.02,0.07,0.1,0.06,0.17,0.11,2.32,0.23,0.29,0.67,0.11,0.06,,0.12,0.1,,,,,0.64,,,,,,,,,,,0.05,,,,,,,,,,,,,,,,,,0.04,,,,,,,,,,,,,,,,,,,,,,,,,,,,,,,,,,,,,,,,,,,0.05,,,0.02,,,,,,,,,,,,,,,,,,,,0.0,,,,,,,,,,,,,,,,,,,,,,,,,0.02,,,,,,,,,,,,,,,0.06,,,,,,,0.12,0.09,0.38,0.17,,0.41,,,,0.01,,,,,0.05,,,0.08,,,,,,0.01,,,,,,,,,0.01,,,,0.01,,,,,,,,,,0.01,,,,0.02,,0.01,
Jinchengshi_140500,,,,,0.07,0.33,0.06,,,,,,0.03,2.07,1.27,0.96,20.24,,0.44,1.86,0.94,0.62,3.52,0.73,,,,,,0.06,,,,,,,,,,,,,,,,,,,,,,,,,,,,,,,,,,,,,,,,,,,,,,0.11,,,,,,,,,,,,,,,,,,,,,,,,,,,,,,,,,,,,,,,,,,,,,,,,,,,,,,,,,,,,,,,,,0.03,,0.06,0.06,,,0.04,,0.1,0.17,0.13,0.3,0.05,0.22,0.11,0.43,2.35,0.07,0.04,0.03,0.13,,0.1,,0.05,,1.8,,,,,0.05,,,,,,,,,,,,,,,,,,,,,,,,,,,,,,,,,,,,,,,,,,,,,,,,,,,,,,,,,,0.03,,,,,,,,,,,,,,,,,,,,,,,,,,,,,,,,,,,,,,,,,,,,,,,,,,,,,,,,,,,,,,,,,,,,,,,,,,,,,0.12,,,,0.31,0.13,,0.29,0.24,,,0.01,,,,,,0.05,,,,,,,,0.01,,,,,,,,,,,,,,,,0.01,,,,,,,,,,,,,,
Shuozhoushi_140600,0.15,0.13,0.1,,,,0.04,0.31,0.87,0.1,0.09,0.04,,3.45,34.74,0.81,0.6,0.32,,1.25,0.39,10.65,0.33,0.66,1.02,0.37,0.06,0.06,,1.07,,0.22,1.55,,0.06,0.07,,,0.03,,,,,,,,,,,0.06,,,,,,,,,,,,,,,,,,,,,,,,,,,,,,,,,,,,,,,,,,,,,,,,,,,,,,,,,,,,,,,,,,,,,,,,,,,,,,,,,,,,,,0.02,,0.03,0.05,,,,,,,0.03,,0.05,,,,,,,,,0.05,,,,,,,,,,,,,,,,,,,,,,,,,,,,,,,,,,,,,,,,,,,,,,,,,,,,,,,,,,,,,,,,,,,,,,,,,,,,,,,,,,,,,,,,,,,,,,,,,,0.05,,,,,,,,,,,,,,,,,0.0,,,,,,,,,,,,,,,,,,,,,,,,,,,,,,0.09,,,,,,,0.21,,,,,0.56,,,,,,,,,0.07,,,,,,,,,0.02,,,,,,,,,,,,,,,,,,,,,,,,0.0,,,,,,
Jinzhongshi_140700,0.2,0.22,0.58,0.16,0.13,1.31,1.64,0.22,0.12,0.04,0.31,0.08,0.08,28.55,2.92,30.52,11.4,2.65,1.85,,2.69,4.05,9.27,14.14,0.09,0.12,0.1,0.08,,0.12,,0.02,0.09,0.02,,0.04,,,,0.04,,0.03,0.04,0.02,0.04,,,,,0.05,,,0.02,,,,,0.03,,,0.03,,,0.01,,,,,,,,0.09,,,,0.07,,,,,,,,,,,,,,,,,,,,,,,,,,,,,,,,,,,,,,,,,,,,,,,,0.04,,,,,,,,,,0.05,0.04,0.02,0.03,0.05,0.06,0.04,0.08,0.06,0.07,0.08,0.06,0.06,0.18,0.02,0.04,0.04,,0.08,0.04,0.19,0.01,0.08,0.12,0.06,,,0.12,0.09,0.05,,,,0.11,,,,,0.05,,,,,,,,,,,,,,,,,,,,,,,,,,,,,,,,,,,,,,,,,,,,,,,,,,,,,,,,,,,,,,,,,,0.02,0.07,,0.02,,,0.02,,0.03,0.06,,,,,,,,,,,,0.02,0.04,,,,,0.0,0.01,,,,,,,,,,,,,,,,,,,,,,,,,0.01,,,,,,,,,,,,0.06,,0.02,0.2,0.12,0.36,0.16,,0.25,0.27,0.15,0.94,,,,0.02,,0.05,0.03,,,,0.04,0.07,0.02,,,,0.03,0.0,0.01,,,,,,0.06,0.07,,,0.02,,,,,,,,,,,,,,,,0.01,,0.01,
Yunchengshi_140800,0.11,0.11,0.05,0.08,,0.15,0.07,0.09,0.07,0.02,0.05,0.07,,2.03,1.79,0.55,1.02,1.44,0.89,2.44,,0.72,21.82,0.95,0.04,0.04,0.03,,,0.07,,0.02,0.03,,,,,0.14,0.03,,0.07,,,,,,,,,,,,0.02,,,,,,,,,,0.03,,,,,,,,,,,,0.06,0.11,,0.07,,0.05,,0.04,,,0.15,0.02,,,,,,,,,,,,,,,,,,,,,,,,,,,,,,,,,,,,,,0.06,,,,,,,,,,,,,,,,,0.04,,0.12,0.07,,0.04,0.08,,0.09,0.08,0.05,0.2,0.09,0.13,0.07,0.09,0.27,0.03,0.04,0.02,8.92,0.26,0.12,,,,1.57,,,0.12,,0.05,,,,,,,,,,0.04,0.04,,,,,,,,,,,,,,,0.04,,,,,,,,,,0.01,,,,,,,,,,,,,,,,,,,,,,,,,,,0.05,,,,,,,,,,,,,,,,,,,,,,,,,,,,,,,,,,,0.01,,,,,,,,,,,,,,,,0.02,,,,0.03,,,,,,,0.03,,,,,,,,,,0.48,0.66,0.36,0.17,8.97,2.31,0.4,0.8,0.37,0.28,0.07,0.07,,0.07,0.13,,,0.06,,0.38,,,0.02,0.04,0.05,0.0,0.01,,,,,0.1,0.04,0.04,0.01,0.01,0.03,,,0.02,0.1,,,,,,0.02,,0.03,,,0.01,,,,
Xinzhoushi_140900,0.23,0.23,0.98,0.11,0.1,0.2,0.46,1.16,0.25,0.1,0.53,0.08,0.09,13.54,6.04,9.78,1.28,1.34,11.75,3.55,0.83,,1.22,3.15,0.48,0.39,0.06,0.04,0.03,2.75,,0.18,0.37,0.06,0.08,0.12,,,0.07,,,,,0.03,,,,,,0.05,,,,,,,,,,,,0.03,,,,,,0.04,,,,,,,,,,,,,,,,,,,,,,,,,,,,,,,,,,,,,,,,,,,,,,,,,,,,,,,,,,,,,,,,,,0.03,,0.03,,0.07,,,,0.03,,0.02,,0.07,0.21,0.06,,,,,,0.03,0.01,,,,,,0.07,,,,,,,,,,,,,,,,,,,,,,,,,,,,,,,,,,,,,,,,,,,,,,,,,,,,,,,,,,,,,,,,,,,,,,,,,,,,,,0.02,,,0.02,0.04,,,,,,,,,,,,,,,,,0.03,,,,,,,,,0.0,,,,,,,,,,,,,,,,,,,,,,0.01,,,,,,,,0.06,,0.02,,,0.01,,,0.08,0.07,,,0.12,,,11.62,,,,,0.07,,,0.02,,,0.07,,,,,0.01,,0.0,,0.05,,,,,0.04,,,,,,,,,,,,,,,,,0.0,,,,,,
Linfenshi_141000,0.25,0.18,0.11,0.06,,0.41,0.15,0.11,0.07,0.05,0.05,0.08,0.06,6.45,3.08,1.29,5.26,7.44,0.91,5.21,35.93,1.49,,4.26,0.1,0.07,0.02,,,0.13,,0.18,0.08,,0.04,0.04,,,,,,,,,,,0.02,,,0.06,,,,,,0.03,,,,,,,,,,,,,,,,,,,,,,,,,,,0.03,,0.06,,,,,,,,,,,,,,,,,,0.06,,,,0.03,,,,,0.05,,,,,,,,,,,,,,,0.03,,,,,,,0.03,,0.03,0.03,0.03,0.05,0.05,0.03,0.05,0.07,0.07,,0.06,0.1,0.08,,0.06,,0.21,0.08,0.24,0.09,0.18,0.38,0.14,0.07,0.02,0.96,0.11,,,,,1.07,,,,,,,,,,,,0.03,,,0.02,0.03,,,,,,,,,,,,,,,,,,,,,,,,,,,,,,,,,,,,,,,,,,0.1,,,,,,,,0.01,,0.07,,,,,,,,,,,,,,,0.1,0.02,,,,,,,0.0,,,,,0.01,,,0.01,,,0.02,,0.0,,0.03,,,,,,,,,,,,,,,,,,,,,,,,0.01,,,,,,0.06,,,,0.17,0.22,0.58,0.24,3.02,9.24,0.33,4.24,0.24,0.28,,0.02,0.03,0.02,0.05,0.07,,0.18,0.04,0.11,,,0.01,,,0.02,,,,,,0.06,0.04,0.07,0.01,0.01,0.03,,,0.13,0.05,0.02,,,,,,0.04,,,0.01,,,,0.01,
Lvliangshi_141100,0.12,0.15,0.19,0.09,0.15,0.35,0.34,0.13,0.05,,0.14,0.03,0.05,18.15,2.43,2.62,3.72,1.58,1.67,10.97,1.68,4.03,7.78,,0.09,0.18,0.16,0.04,,0.44,,0.06,0.07,,0.03,0.08,,,,0.04,0.05,,0.04,,,,,,0.03,0.07,,,,0.01,,,,,,,,,,,,,,0.04,,0.02,,,,,,,,,,,,,,,,,,,,,,,,,,,,,,,,,0.03,,,,,,,,,,,,,,,,,,,,,,,,,,,,,,,,,0.03,,0.04,,,0.07,,,0.06,,0.05,0.18,,,,,,0.05,0.14,,0.04,0.08,,,,,,,,,,0.07,,,,,,,,,,,,,,,,,,,,,,,,,,,,,,,,,,,,,,,,,,,,,,,,,,,,,,,,,,,,,,,,,,,,,,,,0.06,,,,,,,,,,,0.02,,,,,,,0.01,,,,,,,,,,,,,,0.0,,,,,,,,,,,,,,,0.02,,,,,,,,,,,0.01,,,,,,,,0.08,,0.08,0.22,,,0.19,1.93,0.1,9.0,,0.18,0.03,0.04,0.03,0.07,,0.06,0.07,,0.16,,,,,,0.09,0.02,0.03,,,,,0.07,0.07,0.06,0.02,0.03,0.08,,,,0.05,0.05,0.02,,0.05,,,,,,,,,,,
Huhehaoteshi_150100,0.6,0.3,0.12,0.15,0.09,,0.07,0.25,1.19,0.17,0.12,0.09,0.06,0.12,1.53,0.03,0.04,,2.17,0.08,0.16,0.57,,0.08,,31.88,7.05,6.62,3.59,20.07,6.37,22.4,58.9,3.89,21.75,3.71,0.09,0.26,0.05,0.02,0.04,,,0.03,0.08,,0.03,,0.11,0.06,0.09,0.03,,,,,,0.11,,,,0.03,,0.03,0.04,,,,,0.05,0.04,,,,,,,,,,,,,,,,,,,,,,,,,,,,,,,,,0.02,,,,,,,,,,,,,,,,,,,0.05,,,,,,,,,,,0.03,,,,0.04,,,,,,,0.05,,0.04,,,,,,,,0.02,,,,,,,,,,,,,,,,,,,,,,,,,,,,,,,,,,,,,,,,,,,,,,,,,,,,,,,,,,,,,,0.02,,,,,,,,,,,,,,,,,0.03,0.05,,,,0.14,,,0.02,,,0.06,,0.21,,,0.05,,,,,,,,,,,,,,,,,,,0.0,,,,,,,,,,,,,,,,,,0.02,,,,,,,,,,,,,,,,0.03,,,,,,,,,0.1,,0.73,,,0.03,0.06,,0.02,,0.03,0.09,,0.04,,0.02,,0.05,0.02,,0.01,,,,0.06,,0.05,0.25,0.22,0.05,,0.14,0.03,,,0.07,0.01,,,,,,,,0.01,,,,,,
Baotoushi_150200,0.28,0.16,0.06,0.06,,0.06,0.06,0.12,0.51,0.13,0.1,0.06,0.03,0.07,0.61,0.03,0.08,,0.34,0.06,,0.29,,0.22,20.95,,5.14,0.63,0.61,19.66,1.18,32.31,8.07,0.3,2.7,1.74,,0.12,0.05,,,,0.05,,0.04,,0.03,,0.02,0.05,,,,,,,,,,,,,0.06,,,0.07,,,,,,0.18,,,,,,,,,,,,,,,,,,,,,,,,,,,,,,,,,,,,,,,,,,,,,,,,,,,,,,,,,,,,,,0.03,,,,,,,,,,,,,0.04,,0.05,,,,,,,,,,,,,,,,,,,,,,,,,,,,,,,,,,,,,,,,,,,,,,,,,,,,,,,,,,,,,,,,,,,,,,,,,,,,,,,,,,,,,,,,,,0.04,,,,0.01,,0.01,,,,,,,,,,,,,,,,,,,,,,,,,,,,,,,,,,,,,,,,,,,,,,,,,,,,,,,,,,,,,,0.12,,,,,0.2,,2.01,,0.09,0.03,,0.07,0.08,,,,,0.03,,0.02,,,,,0.02,,,0.01,,,0.03,0.25,0.31,0.1,0.03,0.08,,,0.02,0.03,0.02,,,,,,,0.01,,,0.02,,,,
Wuhaishi_150300,,,,,,,,,0.05,,,,,,0.04,,,,0.02,,,0.01,,0.07,1.36,1.54,,0.11,0.08,11.98,0.05,11.06,0.33,0.01,0.04,21.76,,,,,,,,,,,,,,,,,,,,,,,,,,,,,,,,,,,,,,,,,,,,,,,,,,,,,,,,,,,,,,,,,,,,,,,,,,,,,,,,,,,,,,,,,,,,,,,,,,,,,,,,,,,,,,,,,,,,,,,,,,,,,,,,,,,,,,,,,,,,,,,,,,,,,,,,,,,,,,,,,,,,,,,,,,,,,,,,,,,,,,,,,,,,,,,,,,,,,,,,,,,,,,,,,,,,,,,,,,,,,,,,,,,,,,,,,,,,,,,,,,,,,,,,,,,,,,,,,,,,,,,,,,,,,0.02,,,,,,,0.13,,0.4,,,0.03,0.02,0.05,0.33,0.04,0.14,,0.03,,0.51,0.05,,,,,,0.01,,,,,0.06,0.8,3.81,0.17,0.08,0.35,,,,0.17,0.02,,,,,,,,,,,,,,
Chifengshi_150400,0.66,0.51,0.09,0.98,0.61,0.06,0.05,0.27,0.41,8.18,0.2,0.33,0.08,,0.1,,,,0.04,,,0.09,,0.05,3.98,2.52,0.19,,20.01,0.35,2.71,0.32,0.73,4.13,19.23,0.11,0.65,0.68,0.31,0.18,0.16,0.25,0.76,0.39,1.11,0.15,0.74,0.23,25.53,1.02,0.25,0.1,0.19,0.12,0.1,0.21,0.25,0.82,0.17,0.28,0.27,,0.12,0.01,0.15,0.03,,0.04,,0.02,0.2,0.09,,,,,,,,,,,,,,,,,,,,,,,,,,,,,,,,,,,,,,,,,,,,,,,,,,,,,,,,,,,,,,0.04,,0.08,0.06,0.05,0.05,0.1,,,,0.02,,0.06,,0.06,,,,,,,,,,,,,,,,,,,,,,,,,,,,,,,,,,,,,,,,,,,,,,,,,,,,,,,,,,,,,,,,,,,,,,,,,,,,,,,,,,,,,,,,,,,,,,,,,,,,,,,,,,,,,,,,,,,,,,,,,,,,,,,,,,,,,,,,,,,,,,,,,,,,,,,,,,,,,,,,,,,,0.13,,0.18,,,,0.03,,,,0.04,,,0.03,,,,,,,,,,,,,,0.05,,,,,,,0.04,0.23,,,,,,,0.02,0.02,,,,,,,
Tongliaoshi_150500,0.14,0.24,,0.09,0.15,,,,0.04,0.3,,0.08,,,0.02,,,,,,,,,,1.52,0.83,0.05,16.86,,0.08,2.93,0.12,0.24,22.93,8.97,,1.24,0.47,0.29,0.2,0.13,0.19,0.88,0.51,10.62,0.3,0.3,2.21,1.32,0.38,0.6,0.28,3.86,0.48,0.47,0.07,2.93,3.69,0.23,0.33,0.5,,0.06,0.01,0.45,0.07,0.05,0.09,0.08,0.07,0.24,0.18,,,,,,,,,,,,,,,,,,,,,,,,,,,,,,,,,,,,,,,,,,,,,,,,,,,,,,,,,,,,,,,,,,,,,,,,,,,,0.03,,,,,,,,,,,,,,,,,,,,,,,,,,,,,,,,,,,,,,,,,,,,,,,,,,,,,,,,,,,,,,,,,,,,,,,,,,,,,,,,,,,,,,,,,,,,,,0.01,,,,,,,,,,,,,,,,,,,,,,,,,,,,,,,,,,,,,,,,,,,,,,,,,,,,,,,,,,,,,,,,,,,,,,,,,,,,0.02,,,,,,,,,,,,,,,,,,,,,,,,,,,,,,,,,,,,,,,,,,,,
Eerduosishi_150600,0.11,,0.08,0.11,0.12,0.09,0.17,0.17,1.19,0.11,0.12,0.04,0.04,0.06,2.72,0.16,0.11,0.11,1.86,0.07,0.19,3.97,0.2,0.62,12.17,19.39,36.56,0.74,0.54,,0.4,16.6,2.59,0.13,0.7,2.24,,,0.03,,,,,0.03,0.05,,,0.08,0.07,0.07,,,,0.07,,,,,,,,0.03,,,,0.03,,0.04,,,0.02,,,,,,,,,,,,,,,,,,,,,,,,,,,,,,0.1,,,,,,,,,,,,,,,,,,,,,,,,,,,,,,,,,,,0.04,0.11,0.09,,,0.41,0.16,,0.05,0.09,,0.05,0.02,,,,,,,0.02,,0.05,0.05,,,,,,,,,,,,,,,,,,,,,,,,,,,,,,,,,,,,,,,,,,,,,,,,,,,,,,,,,,,,,,,,,,,,,,,,,,,,,,,,,,,,,,,0.01,,,,,,,,,,,,,,,,,,,,,,,,,0.02,,,0.01,,,,,,,,,,,,,,,,,,,,,,,,,,,,,,,,0.02,,0.2,0.14,0.24,,0.23,0.17,0.12,30.39,,,0.04,0.02,0.03,0.37,,0.12,0.05,0.11,,1.17,0.05,0.03,0.04,0.01,0.03,0.02,,,,,,0.06,1.89,3.91,2.04,0.56,0.47,,,0.02,0.05,,,,,,,,,,,,0.02,,,
Hulunbeiershi_150700,,0.11,,,0.07,,,,,,,,,,,,,,,,,,,,0.66,0.2,,0.6,1.09,,,,0.04,5.44,0.24,,0.09,0.41,0.07,0.04,,0.09,0.05,0.05,,0.03,0.02,0.1,,0.07,0.15,,0.06,0.06,,0.07,0.11,0.37,0.08,0.79,11.9,0.09,,,0.5,0.11,0.09,0.19,0.13,7.61,0.28,17.65,,,,,,,,,,,,,,,,,,,,,,,,,,,,,,,,,,,,,,,,,,,,,,,,,,,,,,,,,,,,,,,,,,,0.06,,,,,,,,,,,,,,,,,,,,,,,,,,,,,,,,,,,,,,,,,,,,,,,,,,,,,,,,,,,,,,,,,,,,,,,,,,,,,,,,,,,,,,,,,,,,,,,,,,,,,,,,,,,,,,,,0.02,,,,,,,,,,,,,,,,,,,,,,,,,,,,,,,,,,,,,,,,,,,,,,,,,,,,,,,,0.08,,,,,,,,,,,,,,,,,,,,,,,,,,,,,,,,,,,,,,,,,,,,,,,,,,,,,,,
Bayannaoershi_150800,,,,,,,,,0.18,,,,,,0.1,,,,0.05,,,0.06,,0.05,7.24,16.0,15.5,0.32,0.16,7.01,0.27,,0.7,0.13,0.51,6.78,,,,,,,,,,0.01,,,,,,,,0.01,,,,,,,,,,0.03,,,,,,,,,,,,,,,,,,,,,,,,,,,,,,,,,,,,,,,,,,,,,,,,,,,,,,,,,,,,,,,,,,,,,,,,,,,,,,,,,,,,,,,,,,,,,,,,,,,,,,,,,,,,,,,,,,,,,,,,,,,,,,,,,,,,,,,,,,,,,,,,,,,,,,,,,,,,,,,,,,,,,,,,,,,,,,,,,,,,,,,,,,,,,,,,,,,,,,,,,,,,,,,,,,,,,,,,,,,,,,,,,,,,,,,,,,,,,,,,,,,,,,,,,,0.22,,,0.04,0.08,0.03,0.08,0.06,0.21,0.11,0.1,,0.05,0.02,0.07,,,,,,,,,,,0.3,0.75,0.13,0.04,0.13,,,,0.03,0.04,,,0.02,,,0.06,,,0.03,0.01,0.02,,,
Wulanchabushi_150900,0.26,0.15,0.05,0.1,,,,0.14,5.31,0.36,0.1,0.09,0.04,0.05,5.89,,0.06,,1.31,0.03,,0.2,0.05,0.02,29.97,8.8,0.66,1.21,0.79,2.2,0.62,1.66,,0.21,15.45,0.24,,,,,,0.03,,,0.06,0.03,,0.01,0.04,0.05,,0.09,,,,,,0.04,,,,,,0.01,,,,,,,,,,,,,,,,,,,,,,,,,,,,,,,,,,,,,,,,,,,,,,,,,,,,,,,,,,,,,,,,,,,,,,,,,,0.05,,,,,,,,,,,,,,,,,,,,,,,,,,,,,0.04,,,,,,,,,,,,,,,,,,,,,,,,,,,,,,,,,,,,,,,,,,,,,,,,,,,,,,,,,,,,,,,,,,,,,,,,,,,,,,,,,,,,,,,,,0.01,,,,,,,,,,,,,,,,,,,,,,,,,,,,,,,,,,,,,,,,,,,,,0.02,,,,,,,,,,,,,0.46,,,,0.01,,,,0.03,,,,,,,,,,,,,,,,,0.05,0.09,0.05,,0.03,,,,0.03,,,,,,,,,0.0,,,0.02,,,0.03
Xinganmeng_152200,,,,,,,,,,,,,,,,,,,,,,,,,0.64,0.11,,1.55,11.58,0.04,12.08,,0.09,,2.48,,0.13,0.19,0.07,,0.04,0.07,0.06,0.06,0.18,0.1,0.04,0.03,0.02,,0.39,0.09,0.18,0.04,0.03,0.09,0.51,17.87,0.1,0.14,9.78,,,0.05,0.34,0.11,0.02,0.04,0.1,0.21,0.1,0.37,,,,,,,,,,,,,,,,,,,,,,,,,,,,,,,,,,,,,,,,,,,,,,,,,,,,,,,,,,,,,,,,,,,,,,,,,,,,,,,,,,,,,,,,,,,,,,,,,,,,,,,,,,,,,,,,,,,,,,,,,,,,,,,,,,,,,,,,,,,,,,,,,,,,,,,,,,,,,,,,,,,,,,,,,,,,,,,,,,,,,,,,,,,,,,,,,,,,,,,,,,,,,,,,,,,,,,,,,,,,,,,,,,,,,,0.03,,,,,,,,,,,,,,,,,,,,,,,,,,,,,,,,,,,,,,,,,,,,,,,,,,,,,,,,,,,,
Xilinguoleimeng_152500,0.11,,0.04,,,,,0.12,3.57,2.2,0.06,0.04,0.03,,0.06,,,,0.02,,,,,,2.68,0.91,0.08,7.77,3.14,0.25,0.62,0.41,3.58,2.13,,,,,,,,,,,0.07,,0.03,0.03,0.03,,,,,0.03,,,,0.05,,,0.1,0.06,,,,,,,,,0.02,,,,,,,,,,,,,,,,,,,,,,,,,,,,,,,,,,,,,,,,,,,,,,,,,,,,,,,,,,,,,,,,,,,,,,,,,,,,,,,,,,,,,,,,,,,,,,,,,,,,,,,,,,,,,,,,,,,,,,,,,,,,,,,,,,,,,,,,,,,,,,,,,,,,,,,,,,,,,,,,,,,,,,,,,,0.02,,,,,,,,,,,,,,,,,,,,,,,,,,,,,,,,,,,,,,,,,,,,,,,,,,,,,,,,,,,,,,,,,,0.08,,,,,,,,,,,,,,,,,,,,,,,,,,,,,,,,,,0.01,,,,,,,,,,,,,,,,0.01,,,,0.01,
Alashanmeng_152900,,,,,,,,,,,,,,,,,,,,,,0.02,,0.02,0.36,0.24,11.92,0.05,0.02,0.29,,2.98,,,0.05,,,,,,,,,,,,,,,,,,,,,,,,,,,,,,,,,,,,,,,,,,,,,,,,,,,,,,,,,,,,,,,,,,,,,,,,,,,,,,,,,,,,,,,,,,,,,,,,,,,,,,,,,,,,,,,,,,,,,,,,,,,,,,,,,,,,,,,,,,,,,,,,,,,,,,,,,,,,,,,,,,,,,,,,,,,,,,,,,,,,,,,,,,,,,,,,,,,,,,,,,,,,0.03,,,,,,,,,,,,,,,,,,,,,,,,,,,,,,,,,,,,,,,,,,,,,,,,,,,,,,,,,,,,,,,,,,,,,0.07,0.26,,,,,0.15,,,0.14,0.58,1.35,3.59,,3.0,1.35,0.07,1.82,0.08,,,,,,,,,,,,,0.87,1.41,0.49,0.07,3.88,0.07,,0.13,4.63,0.12,,0.06,,,,,0.16,0.01,,0.01,0.04,,,
Shenyangshi_210100,0.77,0.63,0.17,0.67,1.32,0.15,0.1,0.32,0.19,0.47,0.25,0.2,0.11,0.09,0.08,0.06,0.06,0.05,0.05,0.04,0.19,0.06,0.06,0.04,0.19,0.16,0.02,3.09,12.28,0.05,1.79,0.05,0.06,2.25,0.14,0.14,,10.11,20.08,57.11,41.93,25.36,16.8,16.18,31.92,35.78,13.81,57.4,15.8,12.26,2.1,2.35,3.55,3.87,7.58,3.51,2.07,2.53,3.0,1.97,2.2,1.77,0.76,0.69,1.74,1.3,0.76,1.0,1.47,1.33,1.26,2.81,0.15,0.05,0.05,0.09,0.06,0.05,0.12,0.1,0.04,0.09,0.07,0.04,0.05,0.03,0.08,0.11,,,,,0.1,,0.07,,,0.04,0.04,0.06,,,,,,,0.02,,,,,0.05,,0.05,0.02,,,0.07,,,,,0.07,,,,,,,,,,,0.12,0.29,0.09,0.04,0.06,0.24,0.13,0.06,0.08,0.55,0.17,0.1,0.1,0.11,0.1,0.08,0.06,,0.11,0.04,0.03,,0.05,,0.05,0.04,,,,,,0.06,,0.04,0.06,,,,,0.02,,,,,,,,0.02,,,,0.03,,,0.03,,,,0.03,,,,,0.03,,0.03,0.03,0.03,0.04,,,,,0.02,,,,,,0.04,,,,,0.05,,0.07,,0.07,,0.12,0.06,,,,0.02,,,,0.02,0.04,0.39,,0.05,,0.02,,0.1,0.08,,0.02,0.01,0.06,,0.02,0.08,0.14,0.28,,0.1,0.04,,,,0.01,,0.02,0.01,0.01,,,,,0.01,,,,,0.0,0.01,,0.03,,,,0.01,,,,0.02,0.05,,,0.12,,0.06,,,,,,,0.03,0.05,,,,0.02,,0.03,,,,0.2,,,,0.14,,,,,,0.07,,,,0.04,,,,0.04,,,,,,,,,,0.01,,,,0.03,0.08,,,,0.07,,,0.17,0.01,,0.09,0.05,,,,,,,,,,0.01,
Dalianshi_210200,0.37,0.41,0.08,0.35,0.49,0.06,,0.12,0.09,0.16,0.13,0.05,,0.03,0.04,,,,,,,,,,0.1,0.06,0.1,0.84,0.72,0.03,0.96,,0.04,0.46,0.04,,4.31,,6.67,2.17,2.88,20.67,3.6,18.71,2.97,3.08,4.4,1.54,3.11,2.51,0.59,0.52,0.53,0.7,1.09,1.15,0.43,0.91,0.98,0.8,1.18,0.6,0.44,0.33,0.43,0.52,0.53,0.81,1.38,0.85,0.39,0.93,0.2,0.05,0.05,,,,0.11,0.06,,,0.04,,,,0.05,0.11,,,,,,,0.55,,,0.03,,,,0.02,,0.02,,,,,,,,,,0.05,0.02,,,,,,,,,,,,,,,,,,,0.06,0.27,0.03,,0.08,1.01,0.08,0.03,0.03,1.15,0.08,0.06,,0.04,,0.05,,,,,,,,,,,,,,,,0.06,,0.05,,,,,,,,,,,,,,,,,,,,,,,,,,,,,,,,,,,0.02,,,,,,,,,,,,,,,,,,,,,,,0.08,,,,,,0.02,,,0.02,0.17,,0.02,0.02,0.05,,0.1,,,,,0.01,0.15,0.04,,0.07,0.05,,,0.01,,0.03,,,,,,,,,,,,,,,,,,,,,,,,,,,,,,,0.04,,,,,,,,,,,,,,,,0.03,,,,,,,,,,,,,0.09,,,,,,,,,,,,,,0.01,,0.01,,,,,,,0.06,0.07,,,,0.02,,0.02,,,0.02,,,,,,,,,,,,,
Anshanshi_210300,0.12,0.15,,0.25,0.34,,,0.09,0.05,0.11,0.06,0.04,,,,,,,,,,,,,0.03,,,0.23,0.37,0.08,0.13,,0.02,0.44,,,8.1,9.06,,2.34,4.02,14.31,3.5,23.45,1.68,35.59,18.19,1.33,1.69,2.17,0.25,0.34,0.25,0.58,0.56,0.46,0.22,0.11,0.1,0.2,0.19,0.06,0.06,0.07,0.08,0.11,0.1,0.09,0.26,0.05,0.14,,,,,,,,,,,,,,,,,,,,,,,,,,,,,,,,,,,,,,,,,,,,,,,,,,,,,,,,,,,,,,,,,,,,,0.05,,,0.06,,,,,,,,,,,,,,,,,,,,,,,,,,,,,,,,,,,,,,,,,,,,,,,,,,,,,,,,,,,,,,,,,,,,,,,,,,,,0.05,,,,,,,,,,,,,,,,0.05,,,,0.04,,,0.02,0.03,,0.02,,,,,,,,,,,0.02,,,,,,,,,,,,,,,,,,,,,,,,,,,,,,,,,,,,,0.02,,,,,0.03,,,,,,,,,,,,,,,,,,,,0.01,,,,,,,,,,0.03,,,,,,,,,,,,,,,,,,,,,,,,0.04,,,,,,,,,,
Fushunshi_210400,,,,0.06,0.17,,,,,0.04,,,,,,,,,,,,,0.04,,,,,0.17,0.29,,0.05,,,0.07,,,10.34,1.45,1.15,,7.32,1.94,1.58,1.46,1.07,1.27,1.04,4.74,0.59,0.57,0.17,0.69,0.12,4.54,4.06,1.01,0.03,0.11,0.61,0.11,,0.31,,0.11,0.08,,,,0.19,0.07,0.04,0.18,,,,,,,,,,,,,,,,,,,,,,,,,,,,,,,,,,,,,,,,,,,,,,,,,,,,,,,,,,,,,,,,,,,,,,,,,,,,,,,,,,,,,,,,,,,,,,,,,,,,,,,,,,,,,,,,,,,,,,,,,,,,,,,,,,,,,,,,,,,,,,,,,,,,,,,,,,,,,,,,,,,0.04,,,,,,,0.01,0.01,,0.01,,,,,,,,,,,,,,,,,,,,,,,,,,,,,,,,,,,,,,,,,,,,,,,,,,,,,,,,,,,,,,,,,,,,,,,,,,,,,,,,,,,,,,,,,,,,,,,,,,,,,0.02,,,,,,,,,,,,,,,,
Benxishi_210500,,,,,,,,,,,,,,,,0.03,,,,,,,,,,,,0.05,0.16,,0.08,,,0.05,,,6.27,1.29,1.7,4.68,,9.79,0.67,1.16,0.52,5.0,0.62,0.9,0.37,0.4,0.11,0.11,0.09,0.12,2.34,0.4,0.02,0.04,0.17,,,0.06,0.06,0.01,0.03,,0.02,,0.17,0.02,0.03,,,,,,,,,,,,,,,,,,,,,,,,,,,,,,,,,,,,,,,,,,,,,,,,,,,,,,,,,,,,,,,,,,,,,,,,,,,,,,,,,,,,,,,,,,,,,,,,,,,,,,,,,,,,,,,,,,,,,,,,,,,,,,,,,,,,,,,,,,,,,,,,,,,,,,,,,,,,,,,,,,,,,,,,,,,,,,,,,,,,,,,,,,,,,,,,,,,,,,,,,,,,,,,,,,,,,,,,,,,,,,,,,,,,,,,,,,,,,,,,,,,,,,,,,,,,,,,,,,,,,,,,,,,,,,,,,,,,,,,,,,,,,,,0.0,,,,
Dandongshi_210600,,,,0.06,0.15,,,,,0.06,,,,,,,,,,,,,,,,,,0.13,0.28,,0.08,,,0.03,,0.02,4.77,7.55,3.4,2.49,11.26,,1.08,1.7,0.62,1.79,1.05,0.85,0.59,0.72,0.19,0.15,0.12,0.12,1.51,0.66,0.06,0.1,0.61,0.13,0.15,0.25,0.15,0.19,0.08,0.03,0.04,0.14,0.41,0.05,0.06,0.37,,,,,,,,,,,,,,,,,,,,,,,,,,,,,,,,,,,,,,,,,,,,,,,,,,,,,,,,,,,,,,,,,,,0.05,,,,0.07,,,,,,,,,,,,,,,,,,,,,,,,,,,,,,,,,,,,,,,,,,,,,,,,,,,,,,,,,,,,,,,,,,,,,,,,,,,,,,,,,,,,,,,,,,,,,,,,0.02,0.01,,,,,0.02,,,,,,,,,,,,,,,,,,,,,,,,,,,,,,,,,,,,,,,,,0.02,,,,,,,,,,,,,0.03,,,,,,,,,,,,,,,,,,,,,,,,,,,,,,,,,,,0.02,,,,,,,,,,,,,,,,,,,,,,,,,,,,
Jinzhoushi_210700,0.17,0.29,,0.33,0.85,,0.04,0.1,0.03,0.24,0.13,0.08,0.04,,,0.04,,,0.01,,,0.02,,0.03,0.03,,,1.43,1.65,0.05,0.2,,,0.25,0.13,,6.74,2.29,3.32,1.69,1.26,1.55,,2.86,19.23,1.62,24.57,1.14,9.81,25.81,0.22,0.21,0.23,0.1,0.47,0.13,0.21,0.38,0.26,0.23,0.22,0.09,0.03,0.09,0.24,0.14,0.13,,0.15,0.13,0.14,,,,,,,,,,,,,,,,,,,,,,,,,,,,,,,,,,,,,,,,,,,,,,,,,,,,,,,,,,,,,,,,0.04,0.02,,,0.04,0.06,,,,,0.06,0.03,,0.02,,,,,,,,,,,,,,,,,,,,,,,,,,,,,,,,,,,,,,,,,,,,,,,,,,,,,,,,,,,,,,,,,,,,,,,,,,,,,,,,,,,,,,,,,,,,,,,,,,,,0.02,,,,,,,,,,,,,,,,,,,,,,,,,,,,,,,,,,,,,,,,,,,,,,,,,,,,,,,,,,,,,,,,,,,,,,,,,,,,,,,,,,,,,,,,,,,,,,,,,,,,,,,,,,,,,,0.0,,,,
Yingkoushi_210800,0.08,0.13,,0.23,0.24,,,0.06,0.04,0.12,,,,,,,,,,,,,,,,0.05,,0.21,0.62,0.04,0.23,0.02,,0.12,0.02,,4.1,12.65,13.04,2.07,1.94,2.4,2.22,,1.8,3.68,14.69,1.47,0.94,1.53,0.19,0.37,0.26,0.42,0.43,0.27,0.22,0.17,0.22,0.22,0.29,0.22,0.06,0.21,0.1,0.03,0.11,0.23,0.15,0.13,0.21,0.65,,,,,,,,,,,,,,,,,,,,,,,,,,,,,,,,,,,,,,,,,,,,,,,,,,,,,,,,,,,,,,,,,,0.04,0.05,,,,0.2,,,,,,,,,,,,,,,,,,,,,,,,,,,,,,,,,,,,,,,,,,,,,,,,,,,,,,,,,,,,,,,,,,,,,,,,,,,,,,,,,,,,,,,,,,,,,,,,,,,,,,,0.01,,,,,0.02,,,,,,,,,,,,,,,,,,,,,,,,,,,,,,,,,,,,,,0.04,,,,,,,,,,,,,,,,,,,,,,,,,,,,,,,,,,,,,,,,,,,,,,,,,,,,,,,,,,,,,,,,,,,,,,,,,
Fuxinshi_210900,0.1,,,0.09,0.28,,,0.05,0.03,0.14,,,,,,,,,,,,,,,,,,0.88,7.53,,0.16,,0.01,0.32,0.21,,4.87,1.41,0.86,0.93,0.77,0.64,7.29,1.05,,0.67,1.76,1.14,5.04,2.03,0.1,0.13,0.19,0.12,0.17,0.05,0.33,0.24,0.2,0.11,0.13,0.12,,,0.19,0.11,0.05,,0.13,0.07,0.16,,,,,,,,,,,,,,,,,,,,,,,,,,,,,,,,,,,,,,,,,,,,,,,,,,,,,,,,,,,,,,,,,,,,,,,,0.07,,,,,,,,,,,,,,,,,,,,,,,,,,,,,,,,,,,,,,,,,,,,,,,,,,,,,,,,,,,,,,,,,,,,,,,,,,,,,,,,,,,,,,,,,,,,,,,,,,,,,,,,0.03,,,,,,,,,,,,,,,,,,,,,,,,,,,,,,,,,,,,,,0.02,,,,,,,,,,,,,,,,,,,,,,,,,,,,,,,,,,0.03,,,,,,,,,,,,,,0.03,,,,,,,,,,,,,,,,,,,,,,,,,,,,,
Liaoyangshi_211000,,,,0.06,0.13,,,,,0.06,,,,,,,,,,,,,,,,,,0.12,0.54,,0.1,,,0.17,0.05,,7.75,2.11,25.69,2.32,8.73,2.76,1.76,3.62,1.03,,1.86,1.48,0.86,1.25,0.14,0.19,0.24,0.25,0.25,0.21,0.1,0.13,0.16,0.12,0.13,,0.19,0.05,0.07,0.03,0.07,,0.08,0.05,0.05,,,,,,,,,,,,,,,,,,,,,,,,,,,,,,,,,,,,,,,,,,,,,,,,,,,,,,,,,,,,,,,,,,,,,,,,,,,,,,,,,,,,,,,,,,,,,,,,,,,,,,,,,,,,,,,,,,,,,,,,,,,,,,,,,,,,,,,,,,,,,,,,,,,,,,,,,,,,,,,,,,,,,,,,0.03,,,0.04,,,,,,,,,0.07,,,,,,,,,,,,,,,,,,,,,,,,,,,,,,,,,,,0.02,,,,,,,,,,,,,,,,,,,,,,0.07,,,,,,,,,,,,,,,,,,,,,,,,,,,,,,,,,,,,,,,,,,,,,,,,,,,,,,
Panjinshi_211100,,,,0.16,0.28,,,,,0.07,0.08,0.03,,,,,,,,,,,,,,,,0.63,0.36,0.03,0.1,,,0.03,0.11,,2.47,2.19,7.95,0.93,0.88,1.13,14.98,12.23,1.93,1.65,,0.89,2.38,2.98,0.1,0.2,0.11,0.25,0.17,0.17,0.12,0.08,0.11,0.1,0.25,0.03,,,0.25,0.07,0.05,0.04,0.13,0.02,0.07,0.28,,,,,,,,,,,,,,,,,,,,,,,,,,,,,,,,,,,,,,,,,,,,,,,,,,,,,,,,,,,,,,,,,,0.04,,,,,0.1,,,,,0.02,,,,,,,,,,,,,,,,,,,,,,,,,,,,,,,,,,,,,,,,,,,,,,,,,,,,,,,,,,,,,,,,,,,,,,,,,,,,,,,,,,,,,,,,,,,,,0.03,,,,,,,,,,,,,,,,,,,,,,,,,,,,,,,,,,,,,,,,,,,,,,0.04,,,,,,,,,,,,,,,,,,,,,,,,,,,,,,,,,,,,,,,0.33,,,,,,,,,,,,,,,,,,,0.01,0.02,,,,0.05,0.03,,,,,,,,,,,
Tielingshi_211200,,0.12,,0.1,0.14,,,,0.03,0.06,,0.04,,,,,,,,,,,,,,,,0.2,2.54,,0.22,,,0.22,0.08,0.04,13.28,1.38,1.25,6.59,2.44,1.39,1.63,1.57,2.09,1.44,1.31,,0.69,1.0,0.84,0.52,9.17,5.88,0.47,0.13,0.51,0.48,0.41,0.43,0.2,0.41,0.06,0.13,0.16,0.26,0.24,0.23,0.37,0.21,0.16,0.37,,,,,,,,,,,,,,,,,,,,,,,,,,,,,,,,,,,,,,,,,,,,,,,,,,,,,,,,,,,,,,,,,,,,,,,,,,,,,,,,,,,,,,,,,,,,,,,,,,,,,,,,,,,,,,,,,,,,,,,,,,,,,,,,,,,,,,,,,,,,,,,,,,,,,,,,,,,,,,,,,,,,,,,,,,,,,,,,,,,0.02,,,,,,,,,0.02,,,,,,,,,,,,,,,,,,,,,,,,,,,,,,,,,,,,,,,,,,0.03,,,,,0.08,0.14,,,,,,,,,,,,,,0.03,,,,,,,,,,,,,,,,,,,,,,,,,,,,,,,,,,,,,,,,
Zhaoyangshi_211300,0.25,0.21,,0.56,0.7,,,0.1,0.1,4.9,0.05,0.12,0.05,,,,,,,0.02,,,,,0.04,0.04,,21.54,1.36,,0.11,,,0.16,0.22,,3.33,2.12,1.62,0.78,0.86,1.03,7.57,1.33,7.38,0.7,2.68,0.54,,10.81,0.13,0.11,0.13,0.07,0.15,0.09,0.13,0.24,0.11,0.11,0.1,,,,0.17,0.11,0.05,0.09,,0.05,0.04,0.46,,,,,,,,,,,,,,,,,,,,,,,,,,,,,,,,,,,,,,,,,,,,,,,,,,,,,,,,,,,,,,,,0.02,,,,,,,0.06,0.03,,0.03,,,,,,,,,,,,,,,,,,,,,,,,,,,,,,,,,,,,,,,,,,,,,,,,,,,,,,,,,,,,,,,,,,,,,,,,,,,,,,,,,,,,,,,,,,,,,,,,,,,,,,,,,,,,,,,,,,,,,,,,,,,,,,,,,,,,,,,,,,,,,,,,,,,,,,,0.01,,,,0.02,,0.03,,,,,,,,,,,,,,,,,,,,,,,,,,,,,,,,,,,,,,,,,,,,,,,,,,,,,,,,,,,
Huludaoshi_211400,0.24,0.46,0.05,0.98,12.05,0.06,0.04,0.14,0.14,0.45,0.13,0.15,0.05,,,,,,0.1,0.02,,,,,0.04,0.05,0.02,0.82,0.4,0.06,0.18,,0.01,0.16,0.07,,2.82,1.86,1.37,1.08,0.95,1.09,20.7,1.53,2.1,0.93,2.85,0.7,11.31,,0.17,0.21,0.18,0.1,0.12,0.05,0.14,0.2,0.26,0.26,0.23,0.12,0.03,0.07,0.19,0.18,0.05,0.09,0.17,0.1,0.13,0.46,,,,,,,,0.06,,,,,,,,,,,,,,,,,,,,,,,,,,,,,,,,,,,,,,,,,,,,,,,,,,,,,,0.03,0.07,0.03,,0.2,0.13,0.08,0.03,0.03,0.31,,0.06,0.05,,0.11,,,,,,,,,,,,,,,,,,,,,,,,,,,,,,,,,,,,,,,,,,,,,,,,,,,,,,,,,,,,,,,,,,,,,,,,,,,,,,,,,,,,,,,,,,,,0.01,,,,,,,,0.02,,,,,,,,,,,,0.02,,,,,,,,,,,,,,,,,,,,,,,,,,,,,,,,0.02,,,0.08,,,,,,,,,,,,0.06,,,,,,,,,,,,,,,,,,,,,,,,,,,,,,0.09,,,,,,,,,,,,,,,,,,,0.0,,,,,,
Changchunshi_220100,0.38,0.38,0.09,0.22,0.62,0.06,0.04,0.13,0.08,0.14,0.14,0.13,0.04,0.05,0.03,0.05,,,0.03,,,,,,0.11,0.09,0.01,0.59,2.71,0.03,1.25,0.02,0.01,4.82,0.15,,1.55,1.83,0.61,0.69,0.67,1.2,0.52,0.85,0.76,0.55,0.45,1.99,0.48,0.75,,54.97,55.07,27.79,22.24,27.24,54.03,29.58,31.25,6.05,1.73,1.26,1.05,0.83,2.27,0.89,0.94,0.52,2.28,1.11,1.73,1.31,0.1,0.05,0.06,0.08,0.04,,,0.07,,0.04,0.08,,0.04,0.02,,,,,,,,,,,,0.04,0.03,,,,,0.04,,,,,0.03,,,0.02,0.02,,,,,,,,,,,,,,,,,,,,,0.07,0.18,0.06,0.03,0.07,0.11,0.15,0.04,0.04,0.25,0.08,0.08,0.03,0.06,0.04,0.04,0.04,,,,,,,0.05,,0.03,,,,,,,,,,,,,,,,,,,,,,,,0.04,,0.02,,,,,,,,,,,,,,,0.02,,0.03,,,,,,,,,,,,,,,,,,0.03,,,,0.08,0.19,,,,,,,,,0.05,0.39,,0.07,0.08,0.04,0.02,0.08,0.05,0.06,0.07,0.02,,,,0.1,0.29,0.02,,,0.03,,,,,,,,,,,0.0,,,,,,,0.0,,,0.03,0.01,,,,,,,,,,0.01,0.05,,0.04,0.04,,,,,0.08,,,,,,0.02,0.06,,,0.05,,,,0.12,,,,,,,,0.03,,,0.01,,,,,,,,,0.02,,,,0.01,,,,,,0.04,0.07,,,,0.05,0.02,,,,,,0.03,,0.02,0.04,,,,0.01,0.01,,,
Jilinshi_220200,0.12,0.15,,0.12,0.33,,,,,0.04,0.05,0.04,,,0.03,,,,,,,,,,,0.04,0.04,0.14,0.3,,0.18,,0.01,0.24,0.06,,0.46,0.65,0.19,0.54,0.18,0.4,0.19,0.31,0.31,0.23,0.23,0.29,0.16,0.12,16.67,,3.08,4.28,9.3,5.13,2.25,1.73,16.02,1.33,0.25,0.66,0.12,0.19,0.29,0.22,0.18,0.47,2.15,,0.28,0.18,0.08,,,,,,,0.13,,,,,,,,,,,,,,,,,,,,,,,,,,,,,,,,,,,,,,,,,,,,,,,,,,,,,,,0.06,0.03,,0.05,0.09,0.07,,,,,,,,,,,,,,,,,,,,,,,,,,,,,,,,,,,,,,,,,,,,,,,,,,,,,,,,,,,,,,,,,,,,,,,,,,,,,,0.04,,,,,,,0.03,,,,,,,,,,0.05,,,,,,0.02,,0.01,,,0.04,0.03,,0.04,,0.02,,,,,,,,,,,,,,,,,,,,,,,,,,,,,,,,,,,,,,,,,,,,,,,,,,,,,,,,,0.07,,,,,,,,,,0.01,,,,,0.03,,,,,,,,,,,,,,,,,,,,,,,,0.12,,0.02,,,,,,,,0.01,0.0,,,,
Sipingshi_220300,0.08,0.14,,0.09,0.2,,,0.05,0.03,0.03,,0.03,,,,0.02,,,,,,,,,,,,0.2,9.42,,0.3,,,0.55,0.03,,1.0,0.67,0.24,0.45,0.32,0.27,0.27,0.34,0.43,0.15,0.19,11.8,0.19,0.14,27.79,4.87,,15.53,3.22,2.34,6.81,3.41,2.98,0.56,0.47,0.28,0.06,0.29,0.48,0.18,0.12,0.04,0.52,0.23,0.37,0.28,,,,,,,,,,,,,,,,,,,,,,,,,,,,,,,,,,,,,,,,,,,,,,,,,,,,,,,,,,,,,,,,,,0.03,,0.05,,,,,,,,,,,,,,,,,,,,,,,,,,,,,,,,,,,,,,,,,,,,,,,,,,,,,,,,,,,,,,,,,,,,,,,,,,,,,,,,,,,,,,,,,,,,,,,,,,0.02,,,,,0.01,,,0.01,,,,,,,,,,,,,,,,,,,,,,,,,,,,,,,,,,,,,,,,,,,,,,,,0.03,,,,,,,,0.06,,,,0.2,,,,,,,,,,,,,,,,,,,,,,,,,,,,,,,,,,,,,,,,,,,,,,,,,,,,,,,0.03,
Liaoyuanshi_220400,,,,0.07,,,,,,,,,,,,,,,,,,,,,,,,,0.28,,,,,0.08,0.03,,0.31,0.2,0.09,1.95,0.08,0.11,0.07,0.12,0.08,0.1,0.1,2.51,0.02,,3.77,1.76,4.28,,18.75,1.87,0.33,0.32,0.94,0.09,,0.09,,0.03,0.08,,0.02,0.04,0.21,,0.02,,,,,,,,,,,,,,,,,,,,,,,,,,,,,,,,,,,,,,,,,,,,,,,,,,,,,,,,,,,,,,,,,,,,,,,,,,,,,,,,,,,,,,,,,,,,,,,,,,,,,,,,,,,,,,,,,,,,,,,,,,,,,,,,,,,,,,,,,,,,,,,,,,,,,,,,,,,,,,,,,,,,,,,,,,,0.01,,,,,,,,,,,,,,,,,,,,,,,,,,,,,,,,,,,,,,,,,,,,,,,,,,,,,,,,,,,,,,,,,,0.07,,,,,,,,,,,,,,,,,,,,,,,,,,,,,,,,,,,,,,,,,,,,,,,,,,,,,,
Tonghuashi_220500,,0.12,,0.08,0.13,,,,,,,0.04,,,,,,,,,,,,,,,,0.05,0.18,,0.08,,,0.06,,,0.62,0.49,0.12,2.71,1.5,1.37,0.15,0.24,0.15,0.18,0.21,0.29,0.13,0.07,4.31,6.0,1.6,25.3,,33.04,0.44,0.25,2.64,0.12,0.13,0.22,0.06,0.03,0.15,,0.05,0.04,0.35,,0.04,0.18,,,,,,,,,,,,,,,,,,,,,,,,,,,,,,,,,,,,,,,,,,,,,,,,,,,,,,,,,,,,,,,0.05,,,,,,,,,,,,,,,,,,,,,,,,,,,,,,,,,,,,,,,,,,,,,,,,,,,,,,,,,,,,,,,,,,,,,,,,,,,,,,,,,,,,,,,,,,,,,,,,,,,,,,,,,,,,,,,,,,,,,,,,,,,,,,,,,,,,,,,,,,,,,,,,,,,,,,,,,,,,,,,,,,,,,,,,,,,,,,,,,,,,,,,,,,,,0.07,,,,,,,,,,,,0.01,,,,,,,,,,,,,,,,,,,,0.01,,,,,,,
Baishanshi_220600,,,,,0.09,,,,,,,,,,,,,,,,,,,,,,,,0.03,,,,,0.05,,,0.16,0.24,0.07,0.16,0.12,0.4,,0.12,,0.03,0.07,0.09,,,2.37,1.94,0.76,1.78,16.51,,0.17,0.22,9.7,,,0.18,,0.05,0.03,0.11,0.04,0.04,0.39,,0.02,,,,,,,,,,,,,,,,,,,,,,,,,,,,,,,,,,,,,,,,,,,,,,,,,,,,,,,,,,,,,,,,,,,,,,,,,,,,,,,,,,,,,,,,,,,,,,,,,,,,,,,,,,,,,,,,,,,,,,,,,,,,,,,,,,,,,,,,,,,,,,,,,,,,,,,,,,,,,,,,,,,,,,,,,,,,,,,,,,,,,,,,,,,,,,,,,,,,,,,,,,,,,,,,,,,,,,,,,,,,,,,,,,,,,,0.02,,,,,,,,,,,,,,,,,,,,,,,,,,,,,,,,,,,,,,,,,,,,,,,,,,,,,,,,,,,,,
Songyuanshi_220700,,,,,0.08,,,,,0.04,0.06,0.03,,,,,,,0.03,,,,,,,,,0.21,3.45,,0.4,,,1.49,0.05,,0.34,0.38,0.11,0.03,0.09,0.14,0.11,0.33,0.45,0.11,0.11,0.6,0.07,0.09,14.52,3.1,5.45,1.28,0.88,1.58,,23.45,2.23,1.65,0.82,0.31,0.25,0.23,6.08,0.11,0.12,0.38,0.3,0.26,2.62,0.28,,,,,,,,,,,,,,,,,,,,,,,,,,,,,,,,,,,,,,,,,,,,,,,,,,,,,,,,,,,,,,,,,,,,,,,,,,,,,,,,,,,,,,,,,,,,,,,,,,,,,,,,,,,,,,,,,,,,,,,,,,,,,,,,,,,,,,,,,,,,,,,,,,,,,,,,,,,,,,,,,,,,,,,,,,,,,,,,,,,,,,,,,,,,,,,,,,,,,,,,,,,,,,,,,,,,,,,,,,,,,,,,,,,,,,,,,,,,,,,,,,,,,,,,,,,,,0.04,0.11,,,,,,,,,,,,,,,0.01,,,,,0.02,,,,,,,,,,,,,,,,
Baichengshi_220800,,,,0.06,0.1,,,,,,,0.03,,,,,,,,,,,,,,,,0.27,1.96,,1.37,,,26.9,0.07,,0.23,0.24,0.08,0.13,0.06,0.05,0.08,0.2,0.24,0.08,0.09,0.24,0.06,0.1,3.88,1.07,1.52,0.37,0.56,0.39,13.97,,1.97,0.22,5.08,,,0.01,1.28,0.07,0.05,,0.04,0.23,0.14,0.18,,,,,,,,,,,,,,,,,,,,,,,,,,,,,,,,,,,,,,,,,,,,,,,,,,,,,,,,,,,,,,,,,,,,,,,,,,,,,,,,,,,,,,,,,,,,,,,,,,,,,,,,,,,,,,,,,,,,,,,,,,,,,,,,,,,,,,,,,,,,,,,,,,,,,,,,,,,,,,,,,,,,,,,,,0.02,,,,,,,,,,,,,,,,,,,,,,,,,,,,,,,,,,,,,,,,,,,,,,,,,,,,,,,,,,,,,,,,,,,,,,,,,,,,,,,,,,,,,,,,,,,,,,,,,,,,,,,,,,,,0.02,,,,,,,,,,,,,
Yanbianchaoxianzuzizhizhou_222400,,,,,0.1,,,,,,,,,,,,,,,,,,,,,,,,0.1,,,,,0.06,,,0.15,0.22,0.05,0.12,0.12,0.48,,,0.07,0.05,0.04,0.06,0.03,,2.63,5.03,0.86,0.46,1.12,10.46,0.37,0.42,,0.78,0.1,0.88,0.03,0.05,0.14,0.07,0.1,0.76,8.71,0.02,0.08,0.28,,,,,,,,,,,,,,,,,,,,,,,,,,,,,,,,,,,,,,,,,,,,,,,,,,,,,,,,,,,,,,,,,,,,,,,,,,,,,,,,,,,,,,,,,,,,,,,,,,,,,,,,,,,,,,,,,,,,,,,,,,,,,,,,,,,,,,,,,,,,,,,,,,,,,,,,,,,,,,,,,,,,,,,,,,,,,,,,,,,,,,,,,,,,,,,,,,,,,,,,,,,,,,,,,,,,,,,,,,,,,,,,,,,,,,,,0.01,,,,,,,,,,,,,,,,,,,,,,,,,,,,,,,,,,,,,,,,,,,,,,,,,,,,,,,,,,
Haerbinshi_230100,0.39,0.5,0.11,0.34,1.06,,,0.16,0.05,0.17,0.22,0.2,0.05,0.06,0.05,,,0.04,0.05,0.03,,0.03,,,0.09,0.09,0.04,0.19,0.69,0.05,7.45,0.05,0.03,0.72,0.12,,0.75,1.67,0.34,0.29,0.39,0.56,0.33,0.73,0.36,0.24,0.37,0.48,0.25,0.45,2.22,3.05,0.61,0.37,0.57,0.52,3.5,0.94,2.58,,19.19,27.83,15.59,18.86,19.4,30.9,24.89,26.13,33.67,30.66,46.73,24.41,0.15,0.08,0.07,,0.04,0.06,0.06,0.07,0.05,0.04,0.06,0.03,0.06,0.07,0.1,0.11,,,,,0.1,,0.07,,,0.05,,,,,,,,,,,,,0.03,,,0.05,0.03,,,,,,,,0.04,,,,,,0.07,,,,,0.1,0.41,0.06,0.03,0.07,0.37,0.2,,0.04,0.62,0.06,0.12,0.07,0.06,0.06,,0.05,,0.08,,,,,,,,,,,,,,,,,,,,,,,,,,,,,0.05,,0.03,,0.02,,,,,,,0.04,,,,,,,0.03,,0.04,0.04,,,,,,0.02,,,,,,,,,0.03,,,0.05,,,,0.17,0.15,,0.01,,,,,,0.01,0.05,0.47,,0.1,0.02,0.04,0.02,0.03,0.17,,,0.06,,0.06,0.02,0.11,0.08,0.02,,,0.03,,,,0.0,,,,,,,,,,,,,,,,,,0.02,,,,,,,,0.08,,,0.02,,0.04,,0.05,,,,,,,,,0.05,0.07,,,0.03,,,,,,,,,,,,,0.06,0.01,,,,,,,,,,,,,,,,,,,,,0.08,0.05,,0.01,0.01,0.03,,,,,0.04,,,,,,0.01,,,0.0,0.01,,,
Qiqihaershi_230200,0.08,0.23,,0.12,0.31,,,,,0.03,0.05,0.1,,,,,,,,,,,,,0.03,,0.01,0.24,0.49,,29.07,,0.03,14.53,0.13,,0.23,0.71,0.13,0.07,0.16,0.09,0.11,0.21,0.11,0.09,0.08,0.11,0.04,0.16,0.25,0.17,0.17,0.07,0.08,0.09,0.32,4.05,0.3,5.84,,0.94,0.35,0.41,10.65,1.67,0.81,0.71,1.49,28.18,5.03,17.65,,,,,,,,,,,,,,,,,,,,,,,,,,,,,,,,,,,,,,,,,,,,,,,,,,,,,,,,,,,,,,,0.07,,,,0.04,,,,0.11,,,,,,,,,,,,,,,,,,,,,,,,,,,,,,,,,,,,,,,,,,,,,,,,,,,,,,,,,,,,,,,,,,,,,,,,,,,,,,,,,,,,,,,,,,,,,,,,,,,,,,,0.01,,,,,0.02,,,,,,,,,,,,,,,,,,,,,,,,,,,,,,,,,,,,,,,,,,,,,,,,,,,0.06,0.03,,,,,,,,,,,,,,,,,,,,,,,,,,,,,,,,,,,,,,,,,,,,,,,,,,,,,,,,,,,
Jixishi_230300,,,,,,,,,,,,,,,,,,,,,,,,,,,0.01,,,,0.15,,,,,,,0.15,,,,0.14,,0.09,,0.01,,0.03,,,0.05,0.04,,,0.02,0.09,0.01,,0.29,1.9,0.32,,1.37,5.09,0.32,0.63,1.97,14.63,15.13,0.15,0.18,0.09,,,,,,,,,,,,,,,,,,,,,,,,,,,,,,,,,,,,,,,,,,,,,,,,,,,,,,,,,,,,,,,0.05,,,,,,,,,,,,,,,,,,,,,,,,,,,,,,,,,,,,,,,,,,,,,,,,,,,,,,,,,,,,,,,,,,,,,,,,,,,,,,,,,,,,,,,,,,,,,,,,,,,,,,,,,,,,,,,,,,,,,,,,,,,,,,,,,,,,,,,,,,,,,,,,,,,,,,,,,,,,,,,,,,,,,,,0.03,,,,,,,,,,,,,,,,,,,,,,,,,,,,,,,,,,,,,,,,,,,,,,,,,,,,,,,,,,,,
Hegangshi_230400,,,,,,,,,,,,,,,,,,,,,,,,,,,,,,,0.05,0.02,,,,,,,,,0.05,,,,,,,0.03,,,0.05,,,,0.03,,0.03,,0.05,1.34,0.2,2.11,,2.79,0.15,5.84,18.41,1.47,0.5,0.53,0.31,0.28,,,,,,,,,,,,,,,,,,,,,,,,,,,,,,,,,,,,,,,,,,,,,,,,,,,,,,,,,,,,,,,,,,,,,,,,,,,,,,,,,,,,,,,,,,,,,,,,,,,,,,,,,,,,,,,,,,,,,,,,,,,,,,,,,,,,,,,,,,,,,,,,,,,,,,,,,,,,,,,,,,,,,,,,,,,,,,,,,,,,,,,,,,,,,,,,,,,,,,,,,,,,,,,,,,,,,,,,,,,,,,,,,,,,,,,,,,,,,,,,,,,,,,,,,,,,,,,,,,,,,,,,,,,,,,,,,,,,,,,,,,,,,,,,,,
Shuangyashanshi_230500,,,,,0.11,,,,,,,,,,,,,,,,,,,,,,,,,,0.1,,,,,,0.04,,,,,,,,,,,0.04,,,0.06,0.05,,,,0.03,,0.02,0.14,2.29,0.23,11.23,3.82,,0.21,1.07,26.51,12.44,1.2,0.05,0.32,0.09,,,,,,,,,,,,,,,,,,,,,,,,,,,,,,,,,,,,,,,,,,,,,,,,,,,,,,,,,,,,,,,,,,,,,,,,,,,,,,,,,,,,,,,,,,,,,,,,,,,,,,,,,,,,,,,,,,,,,,,,,,,,,,,,,,,,,,,,,,,,,,,,,,,,,,,,,,,,,,,,,,,,,,0.06,,,,,,,,,,,,,,,,,,,,,,,,,,,,,,,,,,,,,,,,,,,,,,,,,,,,,,,,,,,,,,,,,,,,,,,,,,,,,,,,,,,,,,,,,,,,,,,,,,,,,,,,,,,,,,,,,,,,,,,,,,,,
Daqingshi_230600,,0.12,,,0.16,,,,,0.04,,0.04,,,,,,,,,,,,,,,,0.1,0.25,,3.42,,,0.5,0.04,0.02,0.14,0.61,0.12,0.06,0.05,0.07,0.11,0.18,0.17,0.05,0.15,0.07,,0.1,0.42,0.2,0.16,0.06,0.12,0.23,4.21,1.46,0.5,7.83,13.03,1.13,0.86,0.79,,2.82,1.07,1.19,1.47,2.6,25.74,5.35,,,,,,,,,,,,,,,,,,,,,,,,,,,,,,,,,,,,,,,,,,,,,,,,,,,,,,,,,,,,,,,0.05,,,,0.1,,,,0.17,,,,,,,,,,,,,,,,,,,,,,,,,,,,,,,,,,,,,,,,,,,,,,,,,,,,,,,,,,,,,,,,,,,,,,,,,,,0.07,,,,,,,,,,,,,,,,,0.07,,,,,,,0.04,,,,,,,0.07,,,,,,,,,,,,,,,,,,,,,,,,,,,,,,,,,,,,,,,,,,,,,,,,,,,,,,,,,,,,,,,,,,,,,,,,,,,,,0.07,,,,,,,,,,,,,,,,,,,,,,,,,,,,,,,,,,,,0.03
Yichunshi_230700,,,,0.07,0.12,,,,,,,,,,,,,,,,,,,,,,,,,,0.54,,,,,,,,,,,0.03,,0.02,0.04,,,,,,0.05,,,,,0.01,0.03,0.04,0.1,2.37,0.42,0.6,4.87,1.01,0.32,,5.09,0.57,0.87,1.83,3.54,0.09,,,,,,,,,,,,,,,,,,,,,,,,,,,,,,,,,,,,,,,,,,,,,,,,,,,,,,,,,,,,,,,,,,,,,,,,,,,,,,,,,,,,,,,,,,,,,,,,,,,,,,,,,,,,,,,,,,,,,,,,,,,,,,,,,,,,,,,,,,,,,,,,,,,,,,,,,,,,,,,,,,,,,,,,,,,,,,,,,,,,,,,,,,,,,,,,,,,,,,,,,,,,,,,,,,,,,,,,,,,,,,,,,,,,,,,,,,,,0.07,,,,0.1,,,,,,,,,,,,,,,,,,,,,,,,,,,,,,,,,,,,,,,,,,,,,,,,,,
Jiamusishi_230800,,,,,0.11,,,,,,,,,,,,,,,,,,,,,,,,,,0.1,,,0.05,,,0.06,0.19,0.04,0.03,0.05,0.1,,0.06,0.03,,,0.04,,,0.1,0.05,0.06,,,,0.02,,0.19,4.96,0.48,6.39,59.88,52.81,0.53,13.25,,21.64,3.89,0.95,0.9,0.65,,,,,,,,,,,,,,,,,,,,,,,,,,,,,,,,,,,,,,,,,,,,,,,,,,,,,,,,,,,,,,,0.05,0.03,,,0.04,,,,0.08,,,,,,,,,,,,,,,,,,,,,,,,,,,,,,,,,,,,,,,,,,,,,,,,,,,,,,,,,,,,,,,,,,,,,,,,,,,,,,,,,,,,,,,,,,,,,,,,,,,0.02,,,,,,,0.03,,,,,,,,,,,,,,,,,,,,0.0,,,,,,,,,,,,,,,,,,,,,,,,,,,,,,,,,,,,,,,,,,,,,,,,,,,,,,,,,,,,,,,,,,,,,,,,,,,,,,,,,,,,,,,,,,,,,
Qitaiheshi_230900,,,,,,,,,,,,,,,,,,,,,,,,,,,,,,,,,,,,,,,,,,,,0.03,,,,,,,,,,0.01,,0.09,0.01,0.03,,1.3,0.06,9.83,1.37,6.42,0.15,0.52,4.8,,4.22,0.15,0.17,0.18,,,,,,,,,,,,,,,,,,,,,,,,,,,,,,,,,,,,,,,,,,,,,,,,,,,,,,,,,,,,,,,,,,,,,,,,,,,,,,,,,,,,,,,,,,,,,,,,,,,,,,,,,,,,,,,,,,,,,,,,,,,,,,,,,,,,,,,,,,,,,,,,,,,,,,,,,,,,,,,,,,,,,,,,,,,,,,,,,,,,,,,,,,,,,,,,,,,,,,,,,,,,,,,,,,,,,,,,,,,,,,,,,,,,,,,,,,,,,,,,,,,,,,,,,,,,,,,,,,,,,,,,,,,,,,,,,,,,,,,,,,,,,,,,,,
Mudanjiangshi_231000,,,,,0.08,,,,,,,,,,,,,,,,,,,,,,,0.04,0.03,,0.18,,,0.05,,,0.06,0.28,,0.03,,0.2,,0.06,0.07,0.03,,0.03,,,0.14,0.39,0.08,,0.16,0.17,0.05,0.02,4.67,3.63,0.74,22.84,0.79,1.19,0.63,0.63,1.89,9.53,,0.66,0.36,0.37,,,,,,,,,,,,,,,,,,,,,,,,,,,,,,,,,,,,,,,,,,,,,,,,,,,,,,,,,,,,,,,,,,,,,,,0.1,,,,,,,,,,,,,,,,,,,,,,,,,,,,,,,,,,,,,,,,,,,,,,,,,,,,,,,,,,,,,,,,,,,,,,,,,,,,,,,,,,,,,,,,,,,,,,,,,,,0.02,,,,,,,,,,,,,,,,,,,,,,,,,,,0.0,,,,,,,,,,,,,,,,,,,,,,,,,,,,,,,,,,,,,,,,,,,,,,,,,,,,,,,,,,,,,,,,,,,,,,,,,,,,,,,,,,,,,,,,0.01,,,,,
Heiheshi_231100,,,,,0.09,,,,,,,,,,,,,,,,,,,,,,,,0.02,,4.77,,,0.03,0.04,,,,,,,,,,,,,,0.03,,,0.03,0.02,,,0.09,0.04,0.09,,2.19,6.88,0.15,0.19,0.11,0.58,2.08,0.38,0.19,0.17,,2.1,12.48,,,,,,,,,,,,,,,,,,,,,,,,,,,,,,,,,,,,,,,,,,,,,,,,,,,,,,,,,,,,,,,,,,,,,,,,,,,,,,,,,,,,,,,,,,,,,,,,,,,,,,,,,,,,,,,,,,,,,,,,,,,,,,,,,,,,,,,,,,,,,,,,,,,,,,,,,,,,,,,,,,,,,,,,,,,,,,,,,,,,,,,,,,,,,,,,,,,,,,,,,,,,,,,,,,,,,,,,,,,,,,,,,,,,,,,,,,,,,,,,,,,,,,,,,,,,,,,,,,,,,,,,,,,,,,,,,,,,,,,,,,,,,,,,,,
Suihuashi_231200,,0.2,,0.13,0.24,,,,,0.19,0.08,0.11,,,,,,,,,,,,,,,,0.1,0.22,,1.55,,,0.29,,,0.18,0.69,0.09,0.03,,0.18,0.05,0.23,0.09,0.08,0.1,0.13,0.04,0.06,0.32,0.32,0.13,0.09,0.08,0.07,0.95,0.23,0.39,24.19,8.0,1.51,1.4,1.54,41.82,26.95,3.01,1.14,1.97,12.4,,2.62,,,,,,,,,,,,,,,,,,,,,,,,,,,,,,,,,,,,,,,,,,,,,,,,,,,,,,,,,,,,,,,0.1,0.02,,0.03,0.11,0.08,,,0.17,0.03,,,,,,,,,,,,,,,,,,,,,,,,,,,,,,,,,,,,,,,,,,,,,,,,,,,,,,0.04,,,,,,,,,,,,,,,,,,,,,,,,,,,,0.01,,,,,,,,,,,0.01,,,,,,,0.05,,,,,0.05,,0.07,,,,,,,,,,,,,,,,,,,,,,,,,,,,,,,,,,,,,,0.03,,,,,,,,,,,,,,,,,,,,,,,,,,,,,,,,,,,,,,,,,,,,,,,,,,,,,,,,,,,,,,0.02,,,0.04,,,,,,,,
Daxinganlingdiqu_232700,,,,,,,,,,,,,,,,,,,,,,,,,,,,,,,4.28,,,,,,,,,,,,,,,,,,,,,,,,,,,,,0.46,1.16,0.06,0.03,0.09,0.21,0.11,0.09,0.09,0.06,2.18,0.12,,,,,,,,,,,,,,,,,,,,,,,,,,,,,,,,,,,,,,,,,,,,,,,,,,,,,,,,,,,,,,,,,,,,,,,,,,,,,,,,,,,,,,,,,,,,,,,,,,,,,,,,,,,,,,,,,,,,,,,,,,,,,,,,,,,,,,,,,,,,,,,,,,,,,,,,,,,,,,,,,,,,,,,,,,,,,,,,,,,,,,,,,,,,,,,,,,,,,,,,,,,,,,,,,,,,,,,,,,,,,,,,,,,,,,,,,,,,,,,,,,,,,,,,,,,,,,,,,,,,,,,,,,,,,,,,,,,,,,,,,,,,,,,,,,,
Shanghaishi_310000,1.05,0.73,0.3,0.26,0.5,0.37,0.15,0.22,0.29,0.19,0.23,0.17,0.11,0.27,0.23,0.09,0.2,0.19,0.08,0.09,0.6,0.05,0.28,0.05,0.36,0.31,0.03,0.32,0.32,0.1,0.4,0.02,0.13,0.13,0.11,0.08,0.35,1.77,0.15,0.24,0.39,0.29,0.27,0.16,0.23,0.16,0.13,0.14,0.21,0.24,0.55,0.86,0.12,0.21,0.29,1.83,0.11,0.04,1.29,1.0,0.5,0.15,0.22,0.19,0.44,0.33,0.41,0.19,0.85,0.26,0.2,0.37,,2.58,5.68,1.63,3.93,21.42,15.9,1.93,2.21,6.53,3.38,2.81,4.72,1.87,5.27,6.28,2.87,15.48,5.21,3.28,2.79,2.24,19.62,3.26,1.47,1.55,2.64,2.36,2.11,1.71,1.06,1.58,1.99,3.37,1.97,2.17,1.12,1.91,1.72,1.83,5.19,0.71,0.38,0.51,0.33,0.53,0.27,1.19,0.23,1.21,0.66,1.11,0.37,0.93,0.37,1.15,0.66,0.59,0.49,1.11,2.07,0.34,0.76,0.32,0.87,0.44,0.64,0.36,0.53,0.31,0.9,0.48,0.93,0.2,0.24,0.21,0.69,0.45,0.4,0.58,0.37,0.32,0.28,0.4,0.39,0.39,0.38,0.32,0.55,0.66,1.12,1.32,0.92,0.74,0.14,0.41,0.28,0.69,0.35,0.51,0.19,0.2,0.19,0.28,0.43,0.33,0.27,0.41,0.1,0.17,0.12,0.06,0.3,0.23,0.12,0.28,0.22,0.17,0.28,0.31,0.13,0.16,0.2,0.22,0.14,0.17,0.25,0.14,0.42,0.25,0.12,0.07,0.04,0.43,0.04,0.05,0.07,0.11,0.07,0.08,0.07,0.05,0.08,0.06,0.14,0.16,0.05,0.26,0.09,0.69,0.05,0.62,0.22,0.08,0.06,0.04,0.06,0.05,,0.01,0.06,0.27,1.31,,0.14,0.1,0.33,0.05,0.17,0.17,0.03,0.05,0.1,0.14,0.18,0.21,0.1,0.31,0.1,0.02,0.85,0.23,0.08,0.11,0.04,0.07,0.25,0.1,0.07,0.04,0.09,0.2,0.03,0.18,0.05,0.18,0.02,0.33,0.04,0.05,0.02,0.23,0.2,0.06,0.23,0.07,0.05,0.11,0.15,0.16,0.16,0.3,0.11,0.15,0.25,0.16,0.63,0.13,0.13,0.08,0.14,0.09,0.79,0.42,0.03,,0.09,0.12,,0.06,0.06,,0.02,,0.33,0.07,0.45,0.11,0.29,0.2,0.3,0.19,0.15,,0.35,0.04,0.13,0.14,0.48,0.12,0.3,0.09,0.2,0.21,0.11,0.23,0.23,,0.19,0.03,,,,0.06,,0.04,0.23,0.16,0.12,0.03,0.09,0.37,0.08,,0.07,0.03,0.02,0.08,0.05,,0.1,,0.05,0.03,0.07,0.07,0.09,,0.04,
Nanjingshi_320100,0.44,0.25,0.16,0.14,0.2,0.28,0.06,0.15,0.08,0.03,0.14,0.04,0.04,0.08,0.04,,0.08,0.13,0.05,0.07,0.24,0.03,0.09,0.03,0.09,0.07,0.05,0.25,0.04,0.05,0.08,,0.04,0.06,0.02,0.27,0.13,0.33,0.03,0.07,0.04,0.05,0.1,0.06,0.06,0.05,0.05,0.04,0.04,0.08,0.18,0.1,0.04,,0.04,0.09,0.03,,0.16,0.3,0.1,0.03,0.06,,0.08,,0.05,,0.04,0.02,0.02,0.37,2.8,,4.18,5.16,7.03,3.49,5.67,5.87,13.14,7.66,13.06,30.78,7.53,9.34,1.27,0.92,0.51,0.69,1.18,0.36,0.59,0.39,0.97,0.64,0.22,1.89,5.76,3.28,1.56,23.89,1.17,2.55,2.33,1.95,21.12,1.26,2.06,1.68,1.96,2.27,8.45,0.19,0.09,0.12,0.09,0.1,0.08,0.22,0.07,0.2,0.21,0.33,0.09,0.39,0.1,0.24,0.13,0.13,0.15,0.23,0.38,0.2,0.3,0.13,0.66,0.14,0.2,0.2,0.25,0.27,0.4,0.29,0.43,0.1,0.17,0.08,0.32,0.12,0.17,0.31,0.2,0.14,0.14,0.13,0.13,0.15,0.15,0.11,0.28,0.21,0.57,0.7,0.29,0.29,0.11,0.22,0.07,0.21,0.2,0.23,0.05,0.14,0.08,0.08,0.22,0.12,0.11,0.12,0.1,0.07,0.06,0.06,0.12,0.08,0.08,0.1,0.04,0.1,0.06,0.08,0.03,0.07,0.06,0.08,0.05,0.06,0.06,0.03,0.1,0.12,0.08,0.02,0.02,0.07,,,0.03,0.05,0.05,,,,,0.02,0.02,0.12,0.01,0.07,0.04,0.26,0.07,0.08,,0.02,0.02,,,0.04,,0.03,0.04,0.06,0.39,,0.08,0.1,0.04,0.05,0.05,0.02,,0.02,0.03,,,,0.1,0.07,0.02,,0.27,0.06,0.04,0.02,0.03,,0.04,0.04,0.02,0.01,0.04,0.03,0.01,0.04,0.02,0.06,0.01,0.06,0.0,,,0.04,0.07,0.02,0.04,0.05,0.02,0.03,0.02,0.05,0.05,0.08,0.05,0.03,0.36,0.02,0.23,0.06,,,0.02,0.07,0.67,0.11,0.15,,,0.32,0.04,0.03,0.03,,,0.2,0.06,,0.33,0.11,0.25,0.1,0.3,0.14,,1.03,0.11,0.04,,0.04,0.09,0.06,0.03,0.03,0.03,,,0.11,0.04,0.01,0.15,0.01,,,,,0.09,0.07,0.12,0.11,0.02,0.01,0.05,0.09,0.01,0.04,,0.03,,0.03,0.04,,0.05,,0.29,,,0.01,0.01,,0.01,
Wuxishi_320200,0.09,0.12,0.08,0.07,0.11,0.11,0.07,0.07,0.03,,0.09,,0.05,0.04,0.02,0.02,0.06,0.06,,,0.33,0.02,0.06,0.02,0.05,0.03,0.01,,0.02,0.04,0.1,,0.01,,0.03,,0.07,0.16,,,0.04,0.03,0.07,0.04,0.04,0.01,,0.03,0.04,,0.06,0.06,,,0.03,0.05,0.01,0.03,,0.15,,,0.03,0.03,0.04,,0.04,,0.04,0.05,0.03,0.09,4.33,3.25,,1.66,23.34,13.74,5.18,2.06,3.31,5.83,3.17,4.49,9.54,2.01,0.93,1.04,0.56,1.49,2.37,0.65,0.57,0.41,0.91,0.79,0.27,0.49,0.95,0.73,0.4,1.03,0.3,0.79,0.53,0.59,1.38,0.61,0.5,1.05,0.77,0.72,3.25,0.12,0.03,0.07,0.06,0.07,0.04,0.19,,0.1,0.08,0.12,0.04,0.17,0.04,0.23,0.14,0.05,0.12,0.14,0.24,0.07,0.16,0.06,0.3,0.04,0.13,0.12,0.15,0.09,0.14,0.14,0.27,0.09,0.13,0.05,0.2,0.06,0.1,0.21,0.1,0.16,0.05,0.1,0.08,0.11,0.12,0.07,0.09,0.2,0.33,0.49,0.3,0.18,0.08,0.08,0.1,0.14,0.07,0.1,0.03,0.09,0.04,0.07,0.11,0.07,0.05,0.14,0.05,0.11,0.06,,0.04,,0.02,,0.05,0.04,0.03,0.03,0.02,0.05,,0.05,0.06,0.06,,,0.04,0.02,,,,,,,,0.02,0.02,,,,,,0.02,,,0.02,0.02,0.1,0.05,,,0.02,0.02,,,0.01,0.03,0.05,0.02,0.01,0.08,,0.02,,,,0.04,,,,0.04,,,,,,,,0.15,0.03,,0.02,0.03,0.0,0.05,0.03,0.02,0.01,0.01,0.03,0.01,0.03,0.01,0.07,0.01,0.02,,0.0,,,0.03,0.03,0.03,0.01,0.04,0.06,,,0.04,0.07,0.04,0.02,0.04,0.02,0.2,0.09,,0.02,,,,0.03,0.03,0.06,,,,,,,,0.2,,,0.16,0.09,0.21,,0.25,,0.15,0.18,0.03,,,0.03,0.09,,,0.03,0.07,,,0.03,0.04,0.04,0.05,,,,,,,,0.03,0.05,0.02,,0.01,,,,,,,,,,,,0.04,0.01,0.03,,,,,
Xuzhoushi_320300,0.22,0.25,0.11,0.18,0.16,0.36,0.18,0.14,0.07,0.05,0.22,0.11,0.08,0.07,0.04,0.15,0.32,0.3,0.17,0.1,0.35,0.04,0.22,0.09,0.06,0.07,,0.1,0.05,0.07,,0.04,,0.06,,,0.06,0.18,0.04,0.05,0.03,0.04,0.06,0.02,0.05,,0.06,,0.02,0.07,0.13,0.03,0.03,0.04,0.05,0.01,0.03,,0.08,0.1,0.05,0.06,0.03,0.03,0.06,0.07,0.03,,0.06,0.05,0.06,,0.76,2.94,1.14,,1.65,1.6,2.0,8.07,4.61,2.58,2.1,1.13,1.38,24.58,0.23,0.31,0.21,0.22,0.26,0.14,0.2,0.16,0.15,0.22,0.07,0.35,0.23,1.47,0.39,0.27,6.9,0.12,0.26,0.33,0.96,0.58,21.85,0.3,0.95,0.36,0.19,0.05,,,0.04,,,0.04,,0.04,0.04,0.05,,0.09,0.04,0.08,0.07,0.07,0.06,0.13,0.08,0.42,0.36,0.19,12.08,0.3,0.31,0.36,5.09,0.55,0.28,0.53,5.14,0.24,0.41,0.16,2.18,0.16,0.26,0.28,0.14,0.18,0.06,0.18,0.27,0.21,0.08,0.08,0.21,0.27,2.09,0.24,0.26,0.23,0.17,0.06,0.03,0.07,0.06,0.06,0.02,,0.03,,0.07,0.09,0.07,,,,,,,0.03,,,,0.04,0.04,,0.03,,,,,,,,,,,,,0.05,0.01,,,,,,,,,,,,,0.03,,,,0.04,,,,,,,,0.01,,0.03,0.1,,,,,0.01,,,,0.02,,,,,0.01,,,,,0.01,0.01,,,0.0,0.05,0.03,,,0.02,,0.01,,,0.03,0.01,0.02,,,,0.02,,,,,,,,,,0.05,0.03,,,,,,,,,,,,0.01,,,0.05,,,,0.01,0.02,,0.29,0.07,0.29,0.09,0.19,0.41,0.17,0.11,0.37,,0.06,0.03,0.05,0.02,0.12,0.04,0.15,0.13,,0.08,0.04,0.09,0.01,,0.06,0.04,,0.05,0.03,,,0.09,0.04,,0.06,0.02,0.03,0.05,,0.17,0.25,0.02,,,0.03,,0.06,,,0.02,0.03,,,,0.01,
Changzhoushi_320400,,,0.06,0.07,,0.07,0.05,,,0.02,0.06,,0.03,0.03,0.02,,0.04,,,0.02,0.25,,,,0.03,,,0.11,,,,,0.02,,,0.02,,0.13,,0.03,,0.06,0.04,0.03,,,0.02,0.01,0.02,,0.05,0.04,,,,,,0.04,,0.08,0.04,0.03,,,,0.03,,,,,,,2.37,4.65,16.9,1.39,,4.23,2.83,2.08,2.38,2.72,3.21,18.83,5.11,2.02,0.6,0.66,0.35,0.7,1.36,0.35,0.43,0.24,0.47,0.36,0.18,0.41,0.9,0.58,0.28,1.2,0.32,0.8,0.38,0.54,1.07,0.56,0.52,0.74,0.51,0.75,5.6,0.05,,,0.09,,,0.1,0.06,0.16,0.05,0.17,0.08,0.13,,0.08,0.09,0.07,0.06,0.08,0.17,0.05,0.09,0.04,0.28,0.04,0.09,0.12,0.12,0.11,0.13,0.08,0.21,0.04,0.05,0.04,0.1,0.08,0.19,0.15,0.11,0.09,0.08,0.12,0.06,0.07,0.04,0.1,0.17,0.17,0.31,0.3,0.13,0.12,0.04,0.05,0.05,0.25,0.05,0.1,0.03,0.08,0.02,,0.1,0.08,0.04,,0.02,0.03,,0.06,0.02,0.04,,,,0.03,,,0.02,,0.03,0.07,0.03,0.06,,,,,,,,0.04,,,,,,0.03,,,,,,,,,,,0.02,,,,,,,,,,,,0.04,,,0.02,,,,,,,0.01,,,,0.02,,,,0.07,0.01,0.09,,,,,,0.02,,,0.02,0.0,0.01,,0.03,0.0,0.05,,,,0.02,,0.01,,0.03,0.01,0.04,,,0.04,,0.04,0.02,0.02,0.03,0.05,0.04,0.03,0.04,0.02,,,0.05,,,,0.05,,,,0.01,,,,,,,,,,,0.18,0.18,0.03,0.02,0.07,,,,0.05,,0.03,0.1,0.08,0.03,0.03,0.01,,,,,,,,,,,,,,,,0.02,,,,0.04,,,,,0.04,,0.07,,,,,
Suzhoushi_320500,0.26,0.28,0.11,0.17,0.21,0.28,0.15,0.13,0.06,0.06,0.15,0.08,0.1,0.1,0.06,0.17,0.17,0.22,0.02,0.07,1.09,0.08,0.19,0.05,0.06,0.09,0.02,0.09,0.04,,0.15,0.02,0.02,,0.06,0.04,0.13,0.33,0.06,0.03,0.05,0.12,0.14,0.15,0.07,0.02,0.05,0.04,0.03,0.09,0.14,0.1,0.04,0.03,0.09,0.05,0.07,0.04,0.07,0.24,0.14,0.09,0.06,0.07,0.13,0.07,0.1,0.19,0.43,0.1,0.09,0.18,24.7,3.72,24.27,3.32,8.69,,15.72,4.92,5.44,11.02,5.01,5.37,9.37,4.33,2.33,3.02,1.29,9.94,10.22,1.83,1.56,1.04,1.83,1.41,0.68,0.96,1.75,1.32,0.71,1.44,0.71,1.51,1.27,1.71,2.3,1.1,1.27,1.99,1.15,1.15,3.51,0.16,0.09,0.33,0.19,0.21,0.08,0.34,0.09,0.51,0.17,0.24,0.05,0.4,0.08,0.37,0.28,0.26,0.25,0.42,0.58,0.17,0.3,0.16,0.67,0.12,0.27,0.26,0.33,0.21,0.33,0.26,0.61,0.17,0.2,0.13,0.52,0.32,0.64,0.86,0.8,0.3,0.25,0.45,0.35,0.51,0.18,0.38,1.32,0.57,1.23,1.43,0.67,0.57,0.38,0.2,0.19,0.42,0.16,0.22,0.05,0.11,0.12,0.14,0.37,0.25,0.14,0.12,0.13,0.12,0.16,0.06,0.09,0.11,0.06,0.06,0.07,0.07,0.11,0.06,0.07,0.07,0.04,0.15,0.04,0.06,0.06,0.07,0.1,0.11,0.06,0.03,0.02,0.07,,0.03,0.05,0.04,0.06,0.05,0.03,0.03,0.04,0.01,0.04,0.05,0.01,0.05,0.04,0.17,0.03,0.1,0.06,0.03,,0.04,,0.02,0.01,,0.59,0.05,0.15,,0.03,,0.03,0.03,0.03,,0.01,,,0.03,,,0.03,0.06,0.07,0.02,0.26,0.06,0.02,0.02,0.08,0.02,0.06,0.04,0.05,0.04,0.02,0.05,0.02,0.07,,0.08,0.02,0.16,0.04,0.02,,0.08,0.06,0.04,0.06,0.02,0.04,0.05,0.04,0.08,0.04,0.11,0.06,0.03,0.14,0.05,0.2,0.07,0.07,0.11,0.04,,0.11,0.08,0.03,0.06,,,,,0.03,,,,0.16,0.07,0.53,0.09,0.5,0.1,0.35,,0.43,0.75,0.22,0.02,0.15,0.07,0.21,0.13,0.11,0.13,,0.46,0.13,0.14,0.09,0.01,0.04,0.02,0.01,,0.03,,,,0.12,0.07,0.04,0.11,0.04,0.06,,,,0.02,,,,,0.05,,,,,,0.05,0.05,,
Nantongshi_320600,0.11,0.15,0.06,0.1,0.13,0.07,0.09,0.06,0.06,,0.08,0.06,0.08,0.05,,,0.04,,,0.03,,,0.07,,,0.05,0.04,,,,0.06,,,,,,,0.25,,,,0.05,,0.03,0.03,0.02,,0.03,0.02,0.09,0.05,0.05,,,0.1,0.05,,0.05,,0.09,0.04,,,,0.04,0.07,,0.04,,0.02,0.02,0.09,8.81,4.31,4.61,1.78,3.14,7.86,,2.26,2.67,10.62,4.06,2.24,10.45,1.49,0.54,0.82,0.37,0.99,0.76,0.42,0.41,0.34,1.37,0.49,0.16,0.2,0.32,0.56,0.27,0.36,0.15,0.17,0.15,0.28,0.59,0.17,0.45,0.3,0.37,0.18,0.42,0.05,,0.1,,0.06,,0.15,0.03,0.16,0.06,0.19,0.07,0.15,0.09,0.08,0.06,,0.04,0.06,0.12,0.08,0.21,0.08,0.28,0.05,0.21,0.24,0.13,0.11,0.31,0.21,0.43,0.09,0.09,0.04,0.2,0.05,0.08,0.1,0.11,0.04,0.05,0.07,0.05,0.07,0.03,0.09,0.07,0.11,0.39,0.15,0.16,0.09,0.13,0.04,0.02,,0.05,0.05,0.01,,0.06,0.05,0.08,,0.06,,0.08,,0.04,,0.02,0.02,,0.03,,,0.06,,,,,,,,,,,,,,,,,,,,0.04,,0.03,,,,,,,,,,0.03,0.05,,0.01,,,,,,,0.02,,0.04,,,,,0.03,,,,,,,,,,0.02,,,0.07,0.01,0.01,0.02,,,,0.02,,,,0.01,,,0.01,,,0.01,,,,0.05,0.02,,,0.01,0.01,,0.02,0.04,0.02,0.05,,0.01,0.02,,,,,,0.04,,0.05,,,,,0.05,,,,,,,0.08,,0.19,,0.19,0.1,0.2,,0.15,,0.04,,0.01,0.02,0.09,,,,0.04,,,,0.03,,0.05,0.0,,,,,,,0.03,,0.02,,,0.07,0.07,0.02,,0.01,,,,,0.02,,0.03,0.01,0.01,,,,,
Lianyungangshi_320700,0.08,0.1,0.04,0.06,,0.12,0.05,,0.03,0.04,0.09,,0.03,,,,0.05,0.16,,,,,0.06,0.02,,,,,0.02,,0.06,,0.03,,0.03,,,0.12,,,,0.05,0.04,0.02,,0.01,,,,0.04,,0.06,,,,,,,,,,0.03,,0.01,0.04,0.03,0.07,,,0.02,,0.09,0.47,1.68,1.02,4.85,1.38,1.39,1.72,,8.62,8.27,2.03,1.0,1.2,8.63,0.12,0.28,,0.14,0.16,0.09,,,0.47,0.11,,0.06,0.07,0.27,0.08,0.14,0.31,0.12,0.05,0.17,0.29,0.12,0.27,,0.16,0.08,0.08,,,,,,,0.04,,0.04,,,,,,,,,,,,0.1,0.95,0.17,0.66,0.2,0.43,0.46,0.26,0.19,0.61,5.09,5.41,0.1,0.17,0.13,0.22,,0.04,,,0.07,0.05,0.06,0.08,0.04,0.05,0.03,,,0.19,,0.05,0.06,,,,0.07,,,,,,,0.04,,,,,,,,,,,,,,,0.04,,,,,,,,,,,0.03,,,,,,,,,,0.05,,,,,,,,,,,,0.06,,0.02,,,,,,,,,,,,,,,,,,,,,0.02,,,,,,,,0.01,,,,0.1,,,,,,,,,,,,0.0,,0.02,,,,,,,,,,,,,,,,0.01,,,,,,,,,,,,,,,,,0.27,0.22,0.12,,,,,,,,,,,,,,,,0.03,0.07,,,,,0.04,,,,,,,,,,,,,,,,,,0.02,,,,,,,0.0,0.05,0.01,,,,
Huaianshi_320800,,,,,,0.07,0.03,,0.03,0.04,0.06,,0.02,,,,,0.09,,,0.14,,,,,,,,0.01,,,,,,,,,,,,,,,,,,0.03,0.03,0.02,,,,,,,,,,,,,,,,,,,,,,,,0.96,6.01,2.16,2.6,2.33,2.21,1.82,9.13,,6.93,8.37,3.05,2.1,17.76,0.12,0.16,0.14,0.2,0.19,0.08,0.12,0.09,0.11,0.14,0.07,0.14,0.24,0.44,0.19,0.4,0.25,0.13,0.14,0.23,3.48,0.15,0.34,0.12,0.19,0.17,0.24,,,,,,,,,,,,0.05,,,,,,,,,0.06,0.13,0.08,0.28,0.06,0.09,0.15,0.12,0.08,0.14,0.2,0.52,0.05,0.06,0.05,0.15,,0.04,,,0.04,,,,0.04,0.03,,,,0.13,0.08,0.07,0.07,,,,,,,,,,,0.04,,,,,0.02,,0.06,,,,,,,,,,,,,,,,,,,,,,,,,,,,,,,,,,,,,,,,,,,,,,,,,0.05,,,,,,,0.02,,,,,,,,,,,,,,,,,,,,,,0.0,,,,,,,0.01,0.01,,,,,,,,,,,,,,,,,,,0.05,,,,,,,,,,,,,,,,,,,,,,,,0.2,,,,,,,,,,,,,0.08,,,,,,,,,,,,,,0.04,,,,,0.01,,,0.01,,0.03,,,,,,,,0.0,,,,
Yanchengshi_320900,0.09,0.14,0.07,0.08,,0.19,0.07,0.09,0.04,0.03,0.1,0.04,0.04,0.02,,,,0.29,0.02,,,0.03,0.04,,,,0.03,0.03,,,,,0.02,,,,0.04,0.15,,,,0.04,0.04,0.06,0.04,0.01,0.03,,0.02,0.05,,,,,,,0.01,,,,,,,0.03,,,0.03,,,,0.02,,2.5,3.32,4.66,2.16,2.92,4.66,11.02,10.85,7.93,,4.81,2.09,12.76,2.7,0.2,0.42,0.21,0.46,0.3,0.21,0.19,0.13,0.37,0.4,0.1,0.12,0.2,0.18,0.12,0.29,0.27,0.1,0.11,0.18,0.49,0.14,0.25,0.17,0.15,0.09,0.26,0.04,,0.04,,,,0.06,0.03,0.09,,0.04,,0.11,0.03,,0.07,0.05,,,,0.1,0.3,0.12,0.25,0.26,0.3,0.39,0.16,0.11,0.43,0.33,0.65,0.08,0.19,0.13,0.17,0.05,0.05,0.08,0.03,0.15,0.07,0.09,0.13,0.06,0.04,0.04,0.83,0.09,0.21,,0.08,0.08,0.07,,,0.07,,,,0.07,0.02,,,,,,,0.04,,,,,,,,,,,,,,,0.02,,,,,,,,,,,,,,,,,,,,,,,,,,,,,,,,,,,,,,,,,,0.05,0.01,0.02,,,,,,,0.06,,0.02,,,,,0.01,,,,,,,,,,,,,,,,,,0.01,,,,,,,,,,,,,,,,,,,0.03,,,0.11,,,,,,,,,,,,,,,,0.12,0.2,,,,0.18,,,,,,,,,,0.1,,0.03,0.08,,,,,,0.04,,,,0.03,0.06,,0.01,0.01,,0.01,,,,,,,,,,0.02,,0.01,,,,,
Yangzhoushi_321000,0.09,,,0.06,0.08,0.17,,,,,0.07,,0.04,0.04,,0.05,0.07,,,,0.1,,0.04,,,,0.03,,,,,,,,,,0.04,0.17,,,,,,,,0.06,,,,,,,,,,0.01,,,,0.08,,,,0.03,0.03,,,,,0.05,,,1.46,6.53,2.16,1.59,3.21,2.05,3.02,2.26,7.1,3.98,,6.98,16.91,2.33,0.21,0.23,0.14,0.21,0.31,0.08,0.12,0.1,0.34,0.11,0.08,0.2,0.43,0.42,0.21,0.55,0.16,0.17,0.17,0.21,4.47,0.22,0.27,0.08,0.13,0.21,0.45,,,,,,,,,0.06,0.04,0.04,0.04,0.09,,0.04,,,0.04,,0.09,0.04,0.11,0.07,0.18,0.07,0.07,0.09,0.1,0.06,0.1,0.1,0.33,0.04,0.07,0.03,0.13,,0.08,0.07,,0.13,0.06,0.05,,0.16,0.03,0.03,,,0.14,0.08,0.05,0.07,,0.05,,0.06,0.07,0.08,0.02,,0.02,,,,,,,0.02,,,,,,0.03,,0.03,,,,,0.03,0.05,,,,,,0.02,,,,,,0.01,,,,,,,,,,,0.01,,,,,,,,,,,,,,,,,,,,,0.01,,,,,0.01,,,,,,,,,,,,,0.0,,,,,,,,,,,0.02,,,,,0.02,0.02,,,0.01,0.01,,,,,,,,,,,,0.01,,,,,,,,,,,,,0.01,,,,,0.12,,0.14,,,0.06,,,0.07,0.03,,,0.04,,,0.03,,,0.01,,0.05,,0.04,,,0.02,,,0.09,,,0.04,0.02,,0.04,,,,,,,,,,,,0.07,,,,0.04,,,
Zhenjiangshi_321100,,,,0.06,,,,,,,,,,,,0.03,,,0.02,,,,,,,,,,,,,,,0.03,,,,,,,,0.03,,,,,0.04,,0.01,,,0.05,,0.03,,0.03,,,,,,,0.03,,,,,,,,,,1.1,13.72,3.33,0.84,14.85,2.33,1.67,0.95,2.3,1.47,6.89,,3.22,1.29,0.24,0.32,0.15,0.28,0.43,0.08,0.15,0.12,0.4,0.2,0.11,0.23,0.63,0.54,0.2,1.07,0.17,0.5,0.21,0.26,1.13,0.24,0.22,0.21,0.22,0.48,0.64,,,,,,,0.07,,,,,,0.09,,0.16,,,,0.06,0.05,0.03,0.05,0.04,0.1,0.03,0.04,0.06,0.08,0.05,0.09,0.13,0.16,0.03,,,0.09,,,0.07,0.05,0.03,,0.07,,0.03,0.04,,,,0.12,0.16,0.08,,0.04,,0.03,,,,0.01,,0.02,,0.05,,,,0.02,0.03,,,,0.02,,0.04,,,,,,,,,,,,,,,,,,,,,,,,,,,,,,,,,,,,,,,,,,,,,,,,,,,,,,,,,,,,,,,,,,,,,,,,,,,,,,,,,0.01,,,,,,,,,,,,,,,,,,,,,,,,,,,,,,,,,,,,,,,,,,,,0.12,,0.18,0.09,,,,,,,,,,,,0.07,,,,,,,0.01,,,,,,,,0.01,,,,,,,,,0.02,,,,,,0.0,,,,
Taizhoushi_321200,,,,0.06,,0.09,,,0.03,,0.09,,0.03,0.03,,0.04,0.05,0.13,0.02,,0.1,,0.05,,,,0.01,,,,,,0.02,,,0.04,0.04,0.16,,,,0.04,,0.02,,,0.03,,0.02,0.08,,,,,,,,,,,,0.03,,,0.04,,0.03,,,,,,2.06,3.82,7.12,1.13,5.82,4.27,8.91,1.39,2.4,12.96,21.09,3.95,,1.14,0.3,0.31,0.17,0.54,0.47,0.14,0.15,0.15,0.8,0.21,0.11,0.11,0.25,0.31,0.13,0.38,0.1,0.27,0.1,0.26,0.53,0.12,0.23,0.11,0.2,0.18,0.31,,,,,,0.03,0.08,,0.06,,0.04,0.03,0.1,0.03,,,,0.06,,0.05,0.04,0.09,0.07,0.13,0.04,0.09,0.11,0.09,0.08,,0.12,0.22,,0.05,0.05,0.09,,0.05,0.1,0.04,0.06,0.02,0.04,,0.12,0.03,,,,0.1,0.08,0.04,,0.04,,,,0.05,0.07,0.03,,,,0.04,0.07,,,0.02,0.03,0.05,,,,0.02,,,,,0.04,,,,,,,,,,0.02,,,,,,,,,0.02,,0.03,,,,,,,,,,,,,0.03,,,,,,,,,,,,,,,,,,,,,,,,,0.02,,,,,,,,,,,,,,,,,,,,,0.0,,,,,,,,,,,,,,,,,,,,,,0.16,,,0.03,,,,,,,,,,,,0.19,,,,,,,,,0.04,,,,,,,,,,0.19,,,,,,,0.04,,,,,,,0.03,0.02,,,,0.05,,,,,,,0.06,,,,,,,0.01,
Suqianshi_321300,,,0.04,,,0.08,0.08,0.05,,,0.09,0.04,0.06,,,0.02,0.08,,,,0.13,,,,,,,,0.02,,,,,,0.02,0.04,,,,,,,,,,,,,,,,,,0.01,,,,,,,,0.03,,,,0.03,,,,0.02,,,0.78,3.83,1.59,10.43,1.87,1.79,1.69,10.05,19.78,2.78,2.97,1.65,1.48,,0.18,0.22,0.14,0.18,0.28,0.14,0.12,0.1,0.06,0.14,,0.13,0.27,1.05,0.2,0.39,0.38,0.09,0.18,0.17,1.23,0.24,2.99,0.13,0.24,0.13,0.17,,,,,,,0.03,,,,0.06,,0.09,,,0.05,,,,0.08,0.08,0.13,0.08,0.74,0.07,0.08,0.11,0.25,0.15,0.07,0.32,1.25,0.08,0.12,0.09,0.25,0.04,0.07,,0.04,0.05,,0.05,0.09,0.05,0.08,,,,0.27,0.09,0.06,0.08,0.07,,0.05,,,0.06,0.01,0.04,0.01,,,0.05,,,,,,0.06,,,,,,,0.03,0.03,,,,,,,,,,,,,,,,,,,,,,,,,,,,,,,,,,,,,,,,,,,,,,0.04,,,,,0.01,,,,,,,,,,,,,,,,,,,0.01,,,0.01,,,,,,,,,,,,,,,,,,,,,,,,,,,,,,,,,,0.06,,,,,,,,,,,,,,,,,,,,,,,,,,,,,,,,,,,,,,,,,,,,,,,,,,,,,,,,,,,,,,,
Hangzhoushi_330100,0.31,0.31,0.13,0.12,0.1,0.14,0.11,0.09,0.04,0.04,0.11,0.07,0.07,0.05,0.11,0.05,0.07,0.14,0.02,0.06,0.21,0.02,0.09,,0.15,0.11,,0.1,0.09,,0.13,0.05,0.04,0.22,0.04,0.04,0.13,0.34,0.05,0.07,0.07,,0.06,0.03,0.03,0.04,0.07,0.07,0.03,0.06,0.15,0.15,0.09,0.03,0.05,0.13,0.05,0.02,0.19,0.4,0.25,0.15,0.09,0.11,0.1,0.14,0.07,0.09,0.32,0.13,0.06,0.09,4.39,0.81,1.15,0.5,0.93,1.68,1.01,0.4,0.36,0.7,0.5,0.59,0.6,0.58,,13.45,9.03,33.58,32.46,43.62,18.55,22.91,9.35,11.52,13.0,0.5,1.04,0.63,0.41,0.56,0.4,0.8,1.08,10.41,0.58,1.02,0.46,0.68,0.9,1.0,5.39,0.38,0.11,0.17,0.23,0.28,0.13,0.77,0.12,0.57,0.37,1.41,0.26,0.71,0.26,1.06,0.4,0.54,0.38,0.79,3.54,0.1,0.16,0.09,0.3,0.09,0.1,0.12,0.2,0.15,0.24,0.1,0.32,0.1,0.1,0.1,0.29,0.15,0.21,0.25,0.19,0.18,0.11,0.12,0.19,0.16,0.11,0.17,0.29,0.6,0.48,1.46,0.45,0.25,0.04,0.18,0.18,0.16,0.22,0.19,0.07,0.14,0.06,0.09,0.33,0.11,0.13,0.16,0.11,0.08,0.13,,0.12,0.09,0.04,0.15,0.09,0.07,0.09,0.1,0.05,0.12,0.07,0.31,0.09,0.21,0.1,0.04,0.18,0.06,0.07,0.04,0.03,0.12,0.04,0.03,,0.06,0.06,0.03,0.03,0.03,0.02,0.03,0.06,0.07,0.0,0.06,0.04,0.17,0.04,,0.05,0.03,0.02,0.01,0.02,,0.05,,,0.05,0.26,,0.05,,0.03,,0.04,0.05,,0.05,0.03,0.03,,,0.09,0.07,0.02,,0.29,0.06,0.02,0.04,0.06,0.01,0.07,0.05,0.01,0.0,0.04,0.04,0.03,0.05,0.04,0.1,0.03,0.01,0.02,0.01,0.03,0.09,0.05,0.05,0.08,0.05,0.05,0.06,0.14,0.15,0.07,0.13,0.03,0.02,,0.07,0.36,0.12,0.13,0.02,0.04,0.04,0.26,0.13,0.05,,0.06,0.07,0.02,,,,,,0.08,0.07,0.19,0.11,0.21,,,0.07,0.77,,0.08,,0.03,0.07,0.16,,,0.06,,0.07,0.04,0.15,0.02,,,0.02,,0.02,,,,,0.06,0.1,0.05,0.03,0.02,0.06,,,,0.01,0.02,,0.16,0.02,,,0.01,0.01,,,0.02,,0.01,
Ningboshi_330200,,,,,,,0.05,0.05,0.03,,,,,0.03,0.03,,,,,,0.11,,,,0.05,0.03,0.01,0.04,,,0.05,,0.01,,,,,0.2,,,,,0.04,,,0.04,,0.02,,0.05,0.06,0.08,0.02,0.01,0.07,,0.01,0.02,0.1,0.12,0.06,,,,,,0.04,,0.08,,0.02,,1.53,0.2,0.41,0.22,0.3,0.68,0.46,0.32,0.17,0.33,0.24,0.19,0.23,0.18,4.91,,3.66,2.69,1.97,10.92,4.41,2.43,31.31,14.65,2.85,0.15,0.3,0.33,0.13,0.15,0.13,0.14,0.48,0.67,0.27,0.65,0.29,0.2,0.48,0.16,0.55,0.18,0.05,0.11,0.1,0.18,0.06,0.19,0.04,0.57,0.1,0.21,0.05,0.22,0.17,0.24,0.16,0.11,0.12,0.3,0.85,0.05,0.08,0.03,0.13,0.03,0.09,0.08,0.05,0.05,0.18,0.04,0.14,0.03,0.08,,0.11,0.06,0.05,0.11,0.08,0.07,0.06,0.08,0.09,0.05,0.1,0.07,,0.17,0.41,0.18,0.23,0.16,0.07,0.05,0.06,0.08,0.07,0.06,0.02,0.04,0.03,0.04,0.07,0.09,0.07,0.18,0.02,0.03,,,0.04,0.02,0.02,,0.1,0.05,0.14,0.05,0.07,0.03,,0.12,0.03,0.29,,,,,,,,0.07,0.02,0.02,,,,,0.03,,,,0.02,0.03,,,0.02,,,0.1,,,,,,,,0.01,,,,,0.03,,,0.03,,,,,,,,0.02,0.02,,,,0.1,0.02,,,0.02,0.01,0.08,0.05,0.01,0.01,,0.04,,0.05,,0.05,,0.2,0.02,,,0.15,0.05,0.02,0.04,0.03,0.08,0.09,0.1,0.19,0.13,0.05,0.04,0.02,0.09,0.06,0.11,,,,,,,,,,,,,,,,,,,,0.19,,0.16,,0.15,,0.33,0.09,,,,,,,,,0.04,,,,,,,,,,,,,,,0.05,0.01,,,,,,,,,,0.03,,,,,,,,,,0.01,
Wenzhoushi_330300,,,0.04,,0.07,,,,0.09,,0.06,0.03,,,,,,,,,,,,,,0.03,,0.08,0.02,,0.1,0.02,,0.02,0.03,,0.07,0.12,,0.03,0.08,,,,,0.01,0.03,,,0.05,0.09,0.06,,0.01,,,0.02,,0.11,,,,,,0.04,,,,0.08,,0.01,0.09,0.54,0.14,0.2,0.14,0.13,0.21,0.19,0.1,0.08,0.16,0.1,0.09,0.12,0.08,2.46,2.98,,0.97,0.92,1.41,4.81,2.41,1.75,20.86,25.84,0.09,0.13,0.16,0.09,0.04,0.04,0.11,0.17,0.43,0.14,0.28,0.23,0.06,0.17,0.21,0.3,0.66,0.1,0.33,0.22,0.54,0.4,0.9,0.19,12.9,0.11,0.27,0.12,0.41,0.09,0.58,0.1,0.18,0.22,0.48,1.1,,0.06,,0.04,0.03,0.06,0.05,0.07,0.03,0.16,0.03,0.1,0.03,0.06,0.02,,0.05,0.05,0.1,0.03,0.04,,,0.06,,0.03,0.04,,0.12,0.09,0.2,0.16,0.12,0.04,0.07,0.22,0.07,0.07,0.12,0.03,0.08,0.03,0.05,0.15,0.07,0.04,0.3,,0.03,0.02,,0.03,0.05,0.02,,0.05,0.05,0.04,0.13,0.02,,0.03,0.2,0.02,0.25,0.04,0.03,,0.03,0.06,0.03,0.02,,,,,0.03,0.02,0.03,0.03,,,0.01,0.05,0.06,,0.03,0.03,0.09,,,,0.02,0.01,0.01,0.02,,0.02,0.01,,0.04,0.13,,0.01,,0.05,,,0.02,,,,,,,,,,,0.07,0.02,0.02,0.02,0.01,,,,,0.01,,0.03,0.0,0.04,0.02,0.04,,0.05,0.02,,,0.04,0.05,0.06,0.13,0.04,0.06,0.11,0.09,0.27,0.09,0.09,,,,0.09,0.1,,0.07,,0.04,0.05,,0.05,0.09,0.09,,,,,,,,,,0.07,,,,0.1,0.12,,,,,,,0.02,,,,,,,,0.03,0.02,,,,,,,0.06,,,,0.08,,0.02,0.02,0.04,,0.08,,0.01,0.02,0.04,0.04,,,0.04,0.01,0.01,0.01,,,,,
Jiaxingshi_330400,,,,,,0.05,0.05,,,,,,0.04,,,,,,,,0.11,,,,,,,,,,,,,0.02,,0.02,,,,0.03,,,,,,,,,,,,,,,,0.01,0.03,,,,0.03,,0.03,,,,0.04,,,0.02,,,5.73,0.19,0.71,0.17,0.47,3.33,0.89,0.21,0.18,0.59,0.27,0.27,0.44,0.22,16.27,4.52,1.33,,11.37,4.66,2.39,1.74,2.33,1.84,1.25,0.12,0.32,0.31,0.1,0.16,0.07,0.42,0.26,1.06,0.26,0.29,0.24,0.29,0.24,0.53,1.07,0.07,0.02,0.04,0.04,0.06,0.04,0.25,,0.2,0.08,0.17,0.08,0.19,0.06,0.25,0.18,0.12,0.11,0.34,0.66,,0.05,0.02,0.08,,0.06,0.07,0.07,0.04,0.08,0.06,0.14,0.04,,,0.1,0.04,0.08,,0.04,0.03,,0.07,,0.05,0.03,0.05,,0.11,0.19,0.41,0.19,0.11,,,0.07,0.06,,,0.02,,0.02,,0.06,,,0.05,0.02,0.02,0.02,,,0.04,0.02,0.03,0.04,0.03,,0.04,,0.04,0.08,0.11,,0.07,,0.03,,,,,,,,,,0.04,,0.02,,,,,,0.03,,,0.02,0.08,,,,,,,,0.02,,,0.27,,,,,,,,,,,,,,,0.02,0.02,,,,0.06,,,,0.01,,,,,,0.01,,0.01,0.09,,0.04,,0.02,0.06,,,0.04,,0.02,0.03,0.01,0.02,0.06,,0.07,0.04,,0.03,,,0.15,,,,0.04,0.04,0.11,0.11,0.1,,,,,,,,,,,0.06,,,,,,,,,,,,,,,,,0.02,,0.13,0.01,0.03,,0.01,,,,,,,,,0.04,0.03,,0.02,,,,,,,,,,,,,,,,,,,,
Huzhoushi_330500,,,,,,,,,,0.04,,,,,,,,,,,,,,,,,,0.05,,,,,,,0.02,,,,,,,,,,,,,0.02,,,,,0.02,,,,,,,,0.03,,,0.01,0.02,0.03,,,0.04,0.02,0.04,,1.65,0.27,0.94,0.12,0.63,2.3,0.42,0.14,0.16,0.27,0.25,0.28,0.31,0.25,12.0,2.07,0.78,7.54,,2.05,1.47,1.14,0.89,1.03,0.91,0.15,0.48,0.22,0.09,0.21,0.07,0.43,0.57,1.39,0.22,0.33,0.13,0.25,0.31,0.28,9.05,0.05,,0.08,0.03,,,0.06,,0.09,,0.08,,0.12,,0.08,,0.07,0.07,0.12,0.3,,,0.02,0.06,,,,,,,,0.14,,0.04,,0.05,,0.09,,0.04,0.05,0.06,0.05,0.09,0.03,,0.03,,0.12,0.16,0.32,0.12,0.06,,,0.03,,,,0.02,,0.02,,0.05,,,,,0.02,0.02,,,0.02,,,,,,,,,,0.04,,,,,,,,,,,,,,,,,,,,,,,,,,,,,,,,,0.02,0.03,,,,,,,,,,0.01,,,,,,,,0.02,,,,,,,,0.03,0.01,,,,,,,,0.0,,,,,,,,,,,0.03,,0.01,0.02,,0.01,,0.03,,,,,,0.07,0.03,,,,0.13,,,,0.03,0.03,,,0.03,,,,,,,,,0.14,,0.1,,0.12,,,,,,,,,,,,,0.09,,,,,,,,,,,,,,,,,,,,,,,0.03,,,,,,,,,,,
Shaoxingshi_330600,,,,,,,,,,,,,,,,,,,,,,,,,,,,0.03,,,,,0.01,,,,,,,,,,,,,,,,,,,,,0.01,,,,0.03,,,,,0.03,0.01,,,,0.04,0.04,0.05,0.03,,0.76,0.08,0.19,0.08,0.13,0.34,0.2,0.1,0.11,0.08,0.08,0.09,0.12,0.08,12.9,9.31,1.13,2.17,1.89,,6.95,2.24,2.05,3.19,1.89,0.05,0.12,0.09,0.06,0.09,0.04,0.12,0.1,0.3,0.12,0.22,0.07,0.07,0.17,0.08,0.26,0.06,,,0.05,0.06,,0.14,,0.14,0.06,0.21,0.05,0.11,0.03,0.4,0.09,0.07,0.08,0.18,0.52,,,,0.03,,,,,,0.07,,0.05,,,,0.06,,,0.09,0.05,,0.02,,,,,,,,0.1,0.16,0.09,0.05,,,,0.05,,,,,,,,,,,0.03,,,,,,,0.03,0.04,,,0.04,0.03,,0.03,0.11,,0.07,,,,,,,,,,,,,,,,,,,,,,,,,0.02,,,,,,,0.02,,0.02,,,,,,,,,,,,,,,,,,,,,,,,,,,,,,,,0.02,,0.03,,,,,0.01,,,,,0.04,,,0.04,,0.02,0.06,0.02,,0.02,,0.05,0.03,0.07,,0.03,,,,,0.02,,0.03,,,,,,,,,,,,,,,,,,,,,,,,,,,,,,,0.02,,,,,,,,,,,0.07,,,,,,,,,0.02,,0.04,,,,,,0.01,,,,,
Jinhuashi_330700,,,,,0.08,,0.08,0.05,0.04,,0.07,0.03,0.03,0.02,0.03,,,,,,0.1,,0.06,,,,,0.03,,,,,,0.05,0.03,,,,,,,,,,,,,,,,0.06,,0.05,,,,,,,,,0.03,0.06,,0.02,,0.02,,,,0.03,,0.78,0.17,0.28,0.17,0.19,0.42,0.32,0.06,0.11,0.15,0.08,0.14,0.15,0.19,9.35,5.21,5.94,1.92,1.81,8.91,,22.05,1.48,8.25,24.86,0.1,0.19,0.24,0.09,0.12,0.14,0.11,0.22,1.03,0.21,0.24,0.12,0.13,0.31,0.27,0.5,0.18,0.04,0.12,0.2,0.15,0.08,0.81,0.06,0.52,0.24,1.36,0.18,0.39,0.26,1.9,0.3,0.36,0.32,0.97,3.94,0.04,0.07,0.02,0.07,,,0.07,0.06,,0.08,,0.17,0.04,0.04,,0.06,0.06,0.07,0.09,0.08,0.05,0.15,0.08,0.05,0.03,0.06,0.07,,0.2,0.34,0.16,0.31,0.07,0.07,0.07,0.1,0.1,0.06,0.15,0.03,,0.04,0.1,0.1,0.08,,0.19,0.02,0.04,,,0.04,0.07,0.04,0.09,0.13,0.07,0.08,0.06,0.06,0.04,0.03,0.23,0.06,0.14,,0.06,,,0.08,,,,,,,0.03,,,0.05,,,,0.1,0.05,,0.04,0.02,0.14,0.04,0.06,,,0.02,,0.02,0.02,0.01,0.02,0.05,,0.04,,,,,,0.03,,,0.02,,0.01,,0.02,,,,,0.08,,0.02,0.02,0.01,,,,,0.01,0.02,0.03,0.01,,,0.04,0.0,,,,,0.03,0.05,0.06,0.05,0.11,0.08,0.1,0.25,0.2,0.19,0.06,0.06,,0.02,0.26,0.06,0.03,,0.02,0.03,0.05,0.23,0.04,,,,,,,,,,,0.09,0.36,0.24,0.08,,,0.17,,0.24,,,0.01,,,0.05,0.03,,,,,,0.06,,,,0.01,,,,,,,,0.07,0.03,0.02,0.03,,,,,,,,0.06,,,,,,,,,,,
Quzhoushi_330800,,,,,,,,,,,,,,,,0.03,,,,,,,,,,,,,,,,,,0.05,,,,,,,,,,,,,,,,,,,,0.01,,,,,,,,,,0.01,,,,,,,,,0.22,0.05,0.09,,0.04,0.11,0.07,,,0.05,,0.05,,,3.7,1.3,1.4,0.51,0.61,0.92,8.46,,0.44,1.23,5.44,0.03,0.05,,,,,0.02,0.07,1.56,0.06,,,0.07,,0.11,0.24,0.06,,,0.13,0.05,0.04,1.56,0.07,0.09,0.09,0.55,,0.21,0.06,0.53,0.1,0.14,0.14,0.39,4.81,,,,,,,,,,,,,,,,,,,,,,,,,,,,,,,,,,,,0.07,,,,,,,,0.05,0.04,0.04,,0.05,,,,,0.02,0.01,0.05,,,,0.04,,,,,,0.07,,,,,,,,,,,,,,,,,,,,,,,,,,,,,,,,0.03,,,0.03,,,,,,,,,,,,,,0.03,,,,,,,,,,,,,,,,,,,,0.01,,,,,0.0,,,,,,,,,,,,,,,,,,,,,,,,,,,,,,,,,,,,,,,,,,,0.15,,,,,,,,,,,,,,,,,,,,,,,,,,,,,,,,,,,,,,,,,,,,,,,
Zhoushanshi_330900,,,,0.09,,,,,,,,,,,,,,,,,,,,,,,,,,,,,,,,,,,,,,,,0.05,,,0.03,,,,,,,,,,,,,,,,,,,,,,,,,,0.9,0.05,0.06,,0.05,0.13,0.25,0.08,,0.08,,0.05,0.08,,0.82,7.14,0.4,0.41,0.22,0.52,0.3,0.15,,1.03,0.1,,0.03,,0.02,0.02,,0.02,,0.05,,0.15,0.03,,0.06,,0.05,0.1,0.02,0.04,,0.07,,0.04,,0.09,,,,,,,,,,,,,0.07,,0.03,0.03,,,,,0.14,0.07,,,,,0.07,,,,,,,,,,,,,,,,,,,,,,,,,,,,,,,,,,,,,,,,,,,,,,,,,,,,,,,,,,,,,,,,,,,,,,,,,,,,,,,,,,,,,,,,,,,,,0.04,,,,,,,,,,,,,,,,,,,,,,,,,,,,,,,,0.02,,,,,,,,,,,,,,,,,,,,,,,,,,,,,,,,,,,,,,,,,,,,,,,,,,,,,,,,,,,,,,,,,,,,,,,,,,,,,,,,,,,,,,,,
Taizhoushi_331000,,,,,0.07,0.05,0.03,,,,,,,,,,,,,,,,,,,,0.06,,,,,,,,,,,,,,,,,,,,0.03,,,,0.05,,0.06,0.01,,,,,,,0.03,0.06,,,0.02,,,,,,,,0.57,0.1,0.2,0.1,0.17,0.25,0.26,0.08,0.12,0.22,0.08,0.16,0.13,0.05,3.01,10.51,12.14,0.89,0.84,2.44,4.42,1.53,3.67,,3.88,0.07,0.16,0.2,0.04,0.05,0.03,0.04,0.11,0.3,0.09,0.13,0.11,0.05,0.21,0.09,0.27,0.17,0.04,0.11,0.07,0.16,0.1,0.36,0.03,0.76,0.08,0.23,0.08,0.16,0.12,0.39,,0.09,0.18,0.11,0.52,,,,0.03,,,,,0.03,0.11,0.04,0.12,,,,,,0.03,,0.06,0.03,,,,,,,,,0.19,0.08,0.11,0.11,0.04,,0.12,0.07,,,0.02,,,0.06,0.09,0.04,0.05,0.26,,,,,,0.05,0.03,0.03,,0.03,,0.03,,,0.03,0.07,0.04,0.11,,,,,0.03,,0.02,,,,,,0.02,,,,,,0.04,,,,0.01,,,,,,,,,,,,,,,,0.01,,,,,,,,,0.01,,,,,,,0.06,,,0.01,,,,,,0.04,,,,0.04,,,,,0.01,,,0.02,,0.02,0.03,0.02,0.02,0.06,0.06,0.08,0.04,0.06,0.03,,0.07,0.06,0.07,,,,0.04,0.05,,,0.03,0.03,,,,,,,,,,,0.14,,,,0.12,,0.15,,,,,,,,,0.02,,,0.02,,,,,0.0,,,,0.06,,,,0.03,,,,,,,,,,,,,,,,0.0,,,,,,
Lishuishi_331100,,,,,,,,,,,,,,,,,,,,,,,,,,,,,,,,,,0.01,,,,,,,,,,,,,,,,,,,,,,,,,,,,,,,,,,,0.06,,,,0.12,,,,,0.05,,,,,,,,,1.5,1.04,10.83,0.36,0.42,0.65,7.99,5.9,0.39,2.04,,,0.03,,0.02,0.03,0.02,0.02,0.04,0.24,,,,,,0.05,0.03,0.07,,0.06,0.12,,0.04,2.49,0.05,0.62,,0.14,,,0.03,0.12,,0.05,0.04,0.12,0.38,,,,,,,,,,,,,,,,,,,,,,,,,,,,,,,,,,,,,,,,,,,,,,,,,,,,,,,,,,,0.03,,,,,,,,,,,,,,,,,,,,,,,,,,,,,,,,,,0.02,,,,,,,,,,,,,,,,,,,,,,,,,,,,,,0.01,,,,,,,,,,,,,,,,,,,,,,0.01,,,,,,,,,0.04,,,,,,,,,,0.01,,,,,,,,,,,,,,,,,,0.15,0.09,,,,,,,,,,,,,,,,,,,,,,,,,,,,,,,,,,,,,,,,,,,,,,
Hefeishi_340100,0.31,0.24,0.09,0.1,0.25,0.17,0.1,0.11,0.11,,0.11,0.07,0.07,0.09,0.09,0.05,0.1,0.15,0.03,0.05,,,0.09,,0.06,0.07,0.02,0.05,,,0.05,0.03,0.02,,,0.05,0.15,0.44,0.06,0.05,0.1,0.08,0.11,,0.12,0.01,0.09,0.04,0.01,0.1,0.15,0.07,0.07,,0.03,0.05,,,0.13,0.24,0.18,0.06,,,,,,,0.17,,0.03,0.18,1.88,2.7,1.0,1.11,1.03,1.09,0.85,0.38,0.65,0.48,0.87,0.76,0.54,0.57,0.89,0.85,0.37,0.54,0.93,0.35,0.46,0.6,0.27,0.43,0.18,,19.16,16.74,42.11,20.62,8.46,20.65,34.02,15.94,17.16,18.48,9.02,47.37,15.86,16.89,9.65,0.17,0.07,0.08,0.13,0.11,0.07,0.2,0.11,0.17,0.28,0.35,,0.6,0.13,0.13,0.18,0.14,0.25,0.17,0.47,0.18,0.22,0.09,0.39,0.08,0.15,0.12,0.22,0.17,0.19,0.09,0.3,0.1,0.13,0.09,0.34,0.17,0.16,0.27,0.17,0.13,0.13,0.13,0.27,0.13,0.1,0.19,0.09,0.35,0.62,1.7,0.31,0.35,0.05,0.36,0.27,0.2,0.16,0.29,0.13,0.18,0.11,0.11,0.44,0.22,0.27,0.16,0.14,0.07,0.06,0.06,0.1,0.04,0.07,0.07,0.04,0.12,0.08,0.16,0.17,0.05,0.11,,0.05,0.06,0.06,0.05,0.08,0.06,0.05,0.03,,0.07,0.03,0.01,0.03,0.04,,0.03,0.07,0.02,0.02,0.01,0.05,0.04,,0.07,0.04,0.13,0.04,0.18,,0.02,,0.01,0.02,,0.01,0.03,0.06,0.07,0.21,,,,0.07,0.07,,0.01,,,0.01,0.01,0.03,,,0.03,0.07,,0.23,0.05,0.01,0.03,0.02,,0.08,,0.02,0.01,0.03,0.02,,0.04,,0.04,,0.03,0.01,,0.03,0.03,0.04,0.02,0.03,,,0.04,0.02,,0.03,0.1,0.03,0.02,,0.02,0.03,0.01,0.07,0.04,0.02,,,,,,0.03,0.12,,0.03,,0.22,,,0.16,0.14,0.31,0.09,0.21,0.24,0.12,,0.21,0.37,0.14,0.02,,,0.04,,0.03,,0.04,0.05,,0.03,,,0.1,0.03,,,0.03,,,,0.09,0.21,,0.04,0.05,0.08,0.01,0.06,,0.01,,,,,0.05,0.25,0.03,0.0,0.01,0.06,0.01,,,
Wuhushi_340200,,,,,,0.1,,,,,,,,,,,,,,,,,,,,,,,,,,,,,,,,,,,,0.04,0.06,,0.05,,0.04,,,,,,,,0.02,,,,,,,,0.22,0.01,,,,,,,,,1.07,2.07,0.51,0.26,0.61,0.54,0.3,0.15,0.32,0.21,0.38,0.62,0.28,0.26,0.5,0.49,0.16,0.4,0.63,0.2,0.21,0.26,0.15,0.13,0.08,5.6,,1.79,1.36,22.24,0.82,16.95,3.57,5.67,1.9,0.93,0.8,1.56,0.85,7.44,19.42,,,0.04,0.04,,,0.09,,,0.08,0.14,0.05,0.37,0.09,0.08,0.05,0.05,0.07,,0.21,,,0.04,0.07,,,0.05,0.06,0.03,,0.04,0.08,,,,,0.03,0.08,0.08,0.04,,0.05,0.06,0.07,0.05,0.05,0.03,,0.1,0.09,0.15,0.07,0.05,,0.06,0.15,,,,0.06,,0.02,,0.11,0.05,,,,0.05,0.05,,,,0.01,,,0.06,,,0.02,,,,0.02,,,,,,,,,,,,,,,,,,,,,,,,,,,,,,,,,,,,,,,,,,,0.02,,,,,,,,,,,0.02,,,,0.01,,,,,,,,,,,0.02,,,,,,0.0,,,,,,,,0.04,,,,0.09,,,,,,0.03,,,,,,,,,,,,,0.06,,,,,,,,0.14,,,,,,,,,,,,,,,,,,,,,,,,,,,,,,,,,,,,,,,,,,,0.02,,,,,,,,
Bengbushi_340300,,,,,,,,,,,,0.03,,,,,,,,,,,,,,,,,0.02,,,,,,0.03,,,,,,,,0.04,,0.04,,,,,0.07,,,,0.01,,,,,,,,,,,,,,,,0.02,,,0.69,1.03,0.39,0.66,0.39,0.41,0.42,0.15,0.43,0.15,0.39,0.43,0.2,0.86,0.22,0.38,0.28,0.28,0.25,0.2,0.2,0.09,0.06,0.32,0.08,4.41,1.23,,6.78,0.83,3.17,0.73,0.66,0.84,14.52,2.37,6.78,1.14,4.87,0.62,0.66,,,,,,,0.08,,,,0.05,,,,,,,,0.06,0.05,0.05,,0.03,0.24,0.04,,0.06,0.09,0.06,,0.04,0.24,0.05,0.06,,0.11,0.04,0.05,0.18,0.06,,,0.07,,,0.05,0.08,0.1,,0.25,0.11,0.1,0.05,,,,,,,,,,,0.08,,0.05,,,0.03,0.04,,,,,,,,,,,,,,,,,,,,,,,,,,,,,,,,,,,,,,,,,,,,,,,,,,,,,,,,,,,,,,,,,,,,,,,,,,,,,,,,,,,,,,,,,,,,,,,,,,,,,,,,,,,,,,,,,,,,,,,,,0.01,,,,,0.14,,,,,,,0.18,,0.01,,,0.03,,,0.03,,,,,,0.01,,,,,,,,,,,0.01,,,,,,,,,,,,,,,0.0,,,,,,
Huainanshi_340400,,,,,,,,,,,,,,,,,,,,,,,,,,,,,,0.12,,,,,,,,,,,,,,,0.04,0.01,,,,,,,,0.01,,,,,,,,,,,,,,,,,,,0.53,0.38,0.18,0.23,0.18,0.24,0.09,0.12,0.15,0.09,0.18,0.17,0.16,0.18,0.1,0.16,,0.1,0.1,,0.12,0.1,0.13,,0.04,12.14,1.27,6.26,,0.75,1.46,0.63,1.13,0.54,2.76,8.23,1.32,9.48,4.26,1.32,0.49,,,0.04,,,0.02,,0.03,,,,,0.09,,,,,,,,,,,0.06,,,,0.06,0.05,,0.02,0.05,,0.04,,0.05,,,,,,,,,,,0.02,,,0.14,0.19,0.08,0.06,,,0.04,,,,0.02,,,,0.07,,,,0.02,,,,,,,,,,,,,,,,,,,,,,,,,,,,,,,,,,,,,,,,,,,,,,,,,,,,,,,,,,,,0.02,,,,,,,0.02,,,,,,,,,,,,,,,,,,,,,,,,,,,,,,0.01,,,,,,,,,,,,,,,,,,,,,,,,,,,,,0.08,0.14,,,,,,,,,,,,,,,,,,,,,,,,,,,,,,,,,,,,,,,,,,,,,,0.04,0.01,,,,,,,
Maanshanshi_340500,,,,,,,,,,0.03,,,,,,,,,,,,,,,0.04,,,,0.03,,,,,,,,,,,,,,,,,,,,,,,,,,,,,,,,,,,,,,,,,,,,0.35,6.22,0.41,0.13,0.55,0.3,0.17,0.1,0.34,0.13,0.31,0.68,0.22,0.24,0.16,0.15,,0.1,0.19,0.06,0.1,0.11,0.07,,0.04,3.6,16.51,0.73,0.58,,0.39,1.9,1.2,1.2,2.67,0.47,0.52,0.79,0.43,1.42,2.46,,,,,,,0.05,,,,0.08,,0.09,,,,,0.07,,,,,,,,,,0.03,0.03,,,0.07,,,0.04,,,,,,,,,0.06,,,,,,,0.1,,,,,0.03,0.06,0.05,,0.02,,,,0.04,,,,,,,,,,,,,,,,0.04,,,,,,,,,,0.03,,,,,,,,,,,,,,,,,,,,,,,,,,,,,,,,,,,,,0.02,,,,,,0.01,,,,,,,,,,,,,,,,,,,,,,,,,,,,,,,,,,,,,,,,,0.04,,,0.03,,,,,,0.02,0.01,,,,,,,0.01,,,,0.22,,,,,,,,,,,,,,,,,,,,,,,,,,,,,,,,,,,,,,,,,,,,,,,,,,,,,,
Huaibeishi_340600,,,,,,,,,,0.02,,,,,,,,0.09,,,,0.02,0.11,,,,,,,0.04,,,,0.01,,,,,,,,,,,,,,,,,,,,,,,,,,,,,,,,,,,,,,,0.19,0.26,0.1,2.29,0.11,0.15,0.12,0.17,0.1,0.07,0.08,0.07,0.06,0.28,0.08,0.1,,,0.12,0.06,,,,,,1.42,0.43,2.55,1.35,0.35,,0.23,0.25,0.21,0.95,1.3,22.86,0.36,7.12,0.31,0.13,,,,,,,,,,,,,,,,,,,,,0.04,0.04,,0.22,0.09,,,0.12,0.04,0.08,0.07,0.13,,,0.02,0.14,,0.04,,,,,,,0.03,0.03,,,,2.86,0.08,0.15,,,,,,,,,,,,,,,,0.02,,,,,,,,,,,,0.02,,,,,,,,,,0.03,,,,,,,,,,,,,,,,,,,,,,,,,,,,,,,,,,,,,,,,,,,,,,,,,,,,0.01,0.01,,,,,,,,,,,0.01,,,,,,,,,,,,,,,,,,,,,,,,,,,,,,,,,,,,,0.01,,,,,0.77,0.09,0.21,,,0.09,,,,,,,,,,,,,,,,,,,,,,,,,,,,,,,,,0.07,,,,,,,,,,,,,,,
Tonglingshi_340700,,,,,,,,,,,,,,,,,,,,,,,,,,,,,,,,,,,,0.02,,,,,,,,,,,,,,,,,,,,,,,,,,,,,,,,,,,,,0.18,0.35,0.17,,0.27,0.2,0.07,,0.05,,0.09,0.1,0.06,0.03,0.12,,,0.07,0.16,0.05,,0.11,,,,2.53,5.84,0.45,0.29,1.15,0.18,,9.35,2.51,0.39,0.29,0.24,0.65,0.13,16.01,1.45,,,,,,,,,,,0.1,0.05,0.15,,,,,,0.05,0.06,,,,,,,,,,,,,,,,,,,,,,,,,,,,,,,,,,,,0.06,,,,,,,,0.06,,,,,,,,,,,,,,,,,,,,,,,,,,,,,,,,,,,,,,,,,,,,0.02,,,,,,,,,0.05,0.01,,,,,,,,,,,,,,,,,,,,,,,,,,,,,,,,,,,,,,,,,,,,,,,,,,,,,,,,,,,,0.03,,,,,,,,,,0.02,,,,,,,,,,,,,,,,,,,,,,,,,,,,,,,,,,,,,,,,,,0.01,,,,,,,,,,,,,,,,0.01,0.05,,
Anqingshi_340800,,,,,,,,,,,,,0.02,,,0.03,,,,,,,,,,,,,,,,,,,,,0.06,0.14,,,,,,,,,,,0.03,,,,,,,,0.01,,,,,,,,,,,,,,,,0.49,0.58,0.24,0.18,0.22,0.31,0.18,0.08,0.09,0.11,0.2,0.19,0.11,0.09,0.35,0.33,0.35,0.37,1.26,0.16,0.21,0.2,0.08,0.13,0.17,9.45,3.27,1.58,1.33,1.66,0.84,16.41,,3.24,0.98,1.14,0.91,3.34,0.54,23.43,1.3,0.07,0.02,0.05,0.04,0.11,,0.07,,0.04,0.25,0.46,0.1,2.63,0.04,0.16,0.12,0.2,0.17,0.19,0.26,0.04,0.06,0.03,0.09,0.04,0.04,0.05,0.04,0.04,,,0.14,0.05,0.05,0.02,0.07,0.06,,,,,0.06,0.04,,0.09,,,,,0.12,0.12,0.05,,,0.21,0.26,,0.11,,0.11,0.07,0.07,0.05,1.85,0.21,0.08,0.05,0.02,0.05,,,0.03,,,,,0.06,0.07,0.04,,0.04,,,0.03,,,0.02,,,,,,,,,,0.05,,0.02,,,,,,,,,,0.09,,,,,,,,,,,,,,,,,,,0.05,,0.01,,,,,,,,,0.02,,,,,,,,,,,,,,,,,,,0.01,,,,,,,,,,0.03,0.05,,,,,,,,0.03,,,,,0.05,,,,,0.1,,,0.06,0.03,,,,0.36,,,0.35,0.06,,,,0.18,,,,,,,,,,0.08,,,,,0.03,,,,,,,,,,,,,,0.01,,,,,,,,,,,,,,,,,
Huangshanshi_341000,,,,,,,,,,,,,,,,,,,,,,,,,,,,,,,,,,,,,,,,,,,,,,,,,,,,,,,,,,,,,,,,,,,,,,0.02,,,0.38,0.24,0.12,,0.1,0.19,,,0.06,,0.06,0.07,0.04,0.04,1.36,0.22,0.19,0.28,0.76,0.16,0.41,1.21,0.12,0.14,0.19,1.69,2.37,0.48,0.35,1.07,0.23,3.02,1.16,,0.35,0.31,0.25,0.33,0.14,3.87,6.87,0.05,,0.04,0.05,,,0.07,0.03,,0.04,1.46,,0.09,0.06,0.14,,0.06,0.06,0.11,0.76,,,,,,,,,,,,,,,,,,,,,,,,,,,,,,,,,,,,0.05,,,,0.04,,,,,,,,,,,,,,,,,,,,,,,,,,,,,,,,,,,,,,,,,,,,,,,,,,,,,,,,,,,,,,,,,,,,,,,,,0.01,,,,,,,,,,,,,,,,,,,,,,,,,,,,,,,,,,,,,,,,,,,,,,,,,,,,,,,,,,,,,,,,,,,,,,,,,,,,,,,,,,,,,,,,,,,,,,,,,,,,,,,,,,,,,,,,,,,,
Chuzhoushi_341100,,,,,0.09,,,,,,,,0.03,,,,0.06,,,,,0.03,,,,,,,0.03,,,,,,,,,,,0.03,,,,,0.03,0.01,,,,,,,,,,,,,0.05,,,,0.03,,,,,,,,,,0.86,9.33,0.96,0.63,1.05,0.94,0.58,0.34,3.44,0.45,5.98,1.69,0.57,1.37,0.27,0.37,0.28,0.21,0.39,0.18,0.31,0.13,0.19,0.29,0.08,7.35,2.41,21.93,3.94,4.22,1.5,1.15,1.1,0.75,,1.2,1.84,1.37,1.15,0.7,0.87,,,0.05,0.05,,,0.04,0.03,0.06,0.04,0.07,,0.12,,0.08,,,,0.05,0.06,0.04,0.04,0.04,0.19,0.03,0.05,0.04,0.08,0.08,,0.08,0.21,0.04,0.09,0.02,0.13,0.05,0.12,0.11,0.13,0.05,0.01,0.07,0.12,0.05,0.06,0.1,0.36,,0.25,0.19,0.13,0.17,0.05,0.04,0.04,0.06,0.05,,0.02,,0.02,,0.05,0.08,0.11,,,0.02,,,,,0.02,,0.06,0.03,,,0.02,,,,,,,,,,,,,,,,,,,,,,,,,,,,,,,,,,,,,,,,,,,,,,,0.01,,,,,,,,,,,,,,,,,,,,,,,,,,,0.02,,,0.02,,,,,,,,,,,,,,,,0.01,0.08,,,,,0.02,,,,,,,,,,0.03,,,,,,,,,0.16,,,,,,,,,,,0.02,,,,0.05,0.01,,0.02,,,,,,,,0.09,,,0.05,,,,,,,,,,,,,,,,,,,,,,
Fuyangshi_341200,0.12,0.3,0.06,0.09,0.11,0.12,0.06,0.09,0.05,,0.1,0.1,0.04,0.06,0.03,0.05,0.08,0.17,,0.03,0.14,0.03,0.04,0.02,,,,,,,,,0.01,,,0.02,0.05,,0.03,0.03,0.05,,0.06,,,0.03,,0.01,0.04,,0.06,,0.02,0.01,,,,,0.1,0.11,,,,,,,,,0.04,,,0.09,0.71,0.45,0.44,0.53,0.5,0.42,0.37,0.24,0.15,0.12,0.23,0.3,0.23,0.2,0.43,0.94,0.65,0.48,0.61,0.8,0.37,0.18,1.37,0.46,0.17,6.27,1.83,4.11,11.65,0.98,3.18,0.62,0.89,1.01,2.14,,3.01,5.52,23.83,0.75,0.55,0.06,0.03,0.07,0.04,0.09,0.09,,0.03,,0.08,0.07,,0.15,0.06,0.05,,0.06,0.06,0.07,0.12,0.06,0.06,0.05,0.14,0.06,0.16,0.1,0.14,0.09,0.22,0.08,0.16,0.07,0.17,0.06,0.37,0.17,0.17,0.21,0.46,0.08,0.09,0.15,0.26,0.16,0.27,0.34,0.24,0.38,1.02,4.47,7.23,4.66,0.11,0.14,0.07,0.09,0.09,0.11,0.03,0.06,0.07,0.04,0.2,0.1,0.07,,0.03,,0.1,,,0.03,,,,0.04,0.04,,,,0.03,,,,,,,,0.03,,,,,,0.05,0.02,0.02,0.03,,,0.03,,0.07,,,,,,,,,,,,,,,,,,,,0.01,,,,,,,0.02,,,,,0.02,,,,,,,,,,,,,,,,,,,,,,,,,,,0.02,,,,,,,,,,,,,,0.01,,0.04,,,,,,,0.03,0.08,0.02,,,0.03,0.05,,,,,0.11,0.14,0.31,0.23,0.17,0.18,,,,,,,,0.05,,0.04,0.1,0.02,,,,,0.01,,,,,,,,,,,0.01,0.04,0.01,,,0.03,,,0.03,,0.08,0.11,0.01,0.0,0.01,,,,0.01,
Suzhoushi_341300,,0.12,0.04,,,0.16,0.06,0.05,,,0.06,,0.03,,,0.02,,0.11,0.03,,,0.05,0.05,0.03,,,,,,0.03,,0.02,,0.03,0.04,0.02,,,,,,,,,0.05,,,,0.02,,,,,0.03,0.03,,,,,0.09,0.03,0.09,,,,0.03,,,,,,,0.42,0.89,0.43,16.38,0.42,0.65,0.6,0.45,0.74,0.3,0.35,0.32,0.26,3.42,0.24,0.53,0.29,0.29,0.29,0.21,0.23,0.15,0.12,0.26,0.08,3.01,0.9,9.67,1.49,0.7,44.25,0.47,0.5,0.53,2.09,1.61,,1.03,2.72,0.55,0.28,,,,,,,,0.04,,,0.04,,,,0.08,,,,,,0.09,0.09,0.06,0.55,0.06,0.07,0.08,0.35,0.12,0.1,0.15,0.4,0.05,0.19,0.05,1.26,0.08,0.15,0.15,,0.12,0.07,0.09,0.16,0.1,0.05,0.06,0.08,0.11,4.49,0.09,0.23,0.07,0.11,,0.03,,,,,,,,0.05,,,,,,,,,,,,,,,,0.03,,,,,,,,,,,,,,,,,,,,,,,,,,,,,,0.03,,0.08,,,,,,,,,,,,,,0.05,,,,,0.02,,,,,,,,,,,,,,,,0.02,,0.0,,,,,0.02,,,,,,,,,,,,,,,,,,,,,,,,0.03,,,,,,0.01,,,,,,,,,0.2,,0.07,0.48,0.37,0.21,,0.1,0.09,,0.18,,0.01,0.03,0.02,0.04,,,,0.04,,,,,,0.04,,,,,,,0.04,,0.04,,,,,,,0.1,,,0.03,,,,0.06,,0.01,,,,,,
Luanshi_341500,,,,,,0.18,,,,0.04,0.05,,,,,,,0.1,,,,,,,,,,,,,,,0.01,,,,,,,,,,,,,,,,,0.04,,,,,,,,,,,,,,,,,,,,,,0.09,0.66,0.7,0.63,0.25,0.56,0.75,0.31,0.07,0.1,0.13,0.18,0.33,0.15,0.18,0.3,0.25,0.18,0.25,0.32,0.17,0.17,0.19,0.06,0.15,0.09,18.09,2.05,2.49,9.43,1.29,1.02,2.3,4.48,0.97,1.66,6.61,1.72,,1.67,1.72,0.84,,,,,,,0.04,,,0.05,0.14,,0.11,,0.07,,,0.05,0.07,0.13,0.04,0.05,,0.06,,,0.04,0.08,0.03,,0.04,0.06,0.04,0.05,,0.13,0.03,0.04,0.09,0.1,0.11,,,0.14,0.07,0.03,,,0.09,0.25,5.17,0.11,0.15,,0.18,0.12,0.13,0.06,0.07,0.09,0.08,0.08,0.1,0.87,0.11,0.08,0.06,0.05,0.05,,0.06,0.02,,,,,0.08,,,,,,,,,,,,,,,,,,,,,,,,,,,,,,,,,,,,,,,,,,,0.02,,,,,0.02,,,,,,,,,,,,,,,,,,,,,,,,,,,,,0.01,,,,,,,,,,,,,,,,,,,,0.04,,,,,,,,,,0.05,0.03,,,,,,,,,,,,,,,,,,0.28,,,,,,,,,,,,,,,,,,,,,,,,,,,,,,,,,,,,,,,,,,0.0,,,,
Bozhoushi_341600,,,0.05,,,0.05,0.06,0.06,0.03,,0.05,0.06,,,,,0.06,,,,0.12,,0.05,0.02,,,,,,,,,,,,,,,,,,0.05,0.05,0.02,0.09,,0.02,,,,,,0.04,,,0.13,,,,,,,,0.01,,,0.04,,0.08,,,,0.39,0.5,0.35,0.44,0.31,0.36,0.23,0.16,0.15,0.11,0.17,0.23,0.15,0.16,0.2,0.47,0.36,0.22,0.28,0.24,0.26,,0.29,0.36,0.08,3.39,0.83,5.2,4.11,0.68,8.7,0.3,0.53,0.59,1.38,19.12,3.1,1.25,,0.43,0.34,,,,,0.04,,,,,0.04,0.04,,0.09,,,0.08,0.1,,,0.07,0.05,0.05,0.02,0.14,0.05,0.04,0.04,0.16,0.06,0.1,0.02,0.12,0.05,0.13,0.08,0.46,0.08,0.12,0.17,0.11,0.14,0.08,0.08,0.11,0.06,0.16,0.15,,0.16,5.39,0.32,4.12,0.23,0.14,0.05,0.04,0.06,,0.06,,0.04,0.02,,0.05,,0.05,,0.04,0.02,,,,,,,,,,,,,,,,,,,,,,,,,,,,,,,,,,,,0.06,,,,,,,0.08,,0.02,0.02,,,,,,,,,0.03,0.02,,,,,,,,,,,,,,,,,,,,,0.03,,,0.0,,,,,,0.02,,,,,,,,,,,,,,,,,,,0.02,,,,,,,,,,,,,0.04,0.02,,,,,,,0.07,,0.16,,,,,0.12,0.09,,0.01,,,,,,,,,0.05,0.05,,0.01,,,,,,,,,,,0.01,,,,,,,,,,0.02,,,,,0.0,,,,,0.03,
Chizhoushi_341700,,,,,,,,,,,,,,,,,,,,,,,,,,,,,,,,,,,,,,,,,,,,,,,,,,,,,,,,,,,,,,,,,,,,,,,,,0.29,0.35,0.13,0.12,0.23,0.21,0.07,0.05,0.07,0.06,0.09,0.16,0.06,0.05,0.18,0.13,0.15,0.21,0.16,0.13,0.11,0.15,,0.14,0.12,3.05,3.65,0.68,1.36,1.19,0.31,15.91,12.03,6.75,0.58,0.52,0.5,1.15,0.43,,1.76,,,,,,,0.04,,,0.11,1.14,0.05,0.7,,0.09,,,0.05,0.05,0.69,,,,,,,,,,,,,,,,,,,,,,,,,,,,,,0.05,,,,,,0.07,,,,0.02,,,,0.08,,,,,,0.03,,,,,,,,,,,,,,,,,,,,,,,,,,,,,,,,,,,,,,,,,,0.03,,,,,,,,,,,,,,,0.01,,,,,,,,,,0.02,,,,,,,,,,,,,,,,,,,,,,,,,,,,,,,,,,,,0.02,,,,,,,,,,,,,,,,,,,,,,,,,,,,,,,,,,,,,,,,,,,,,,,,,,,,,,,,,,,,,,,,,,,,,,,,,,,,
Xuanchengshi_341800,,,,,,,,,,,,,,,,,,,,,,,,,,,,,,,,,,,,,,,,,,,,,,,,,,,,,,,,,,,,,,,,0.01,,,,,,,,,1.13,1.56,0.99,0.1,2.27,0.56,0.21,0.06,0.1,0.05,0.2,0.38,0.19,0.14,1.36,0.37,0.17,0.55,6.93,0.26,0.33,0.29,0.12,0.21,0.14,2.05,12.84,0.71,0.4,2.73,0.34,2.68,1.05,15.51,0.8,0.32,0.32,0.6,0.17,2.11,,,,,,,,0.04,,,,0.21,,0.1,,0.07,,0.05,0.04,0.04,0.22,,,,,,,,,0.02,,,,,,,,,,,,,,,,,,,,,,0.06,,,0.04,,,,,,,,,,,,,,0.02,,,,,,,,,,,,,,,,,,,,,,,,,,,,,,,,,,,,,,,,,,,,,,,,,,,,,,,,,,,,,,,,0.01,,,,,,,,,,,,,,,,,,,,,,,,,,,,,,,,,,,,,,,,,,,,,,,0.02,,,,,,,,,,,,,,,,0.07,,,,,,,,,,,,0.03,,,,,,,,,,,,,0.03,,,,,,,,,,,,,,,,,,,,,,,,,,,,,
Fuzhoushi_350100,0.11,,0.03,,0.07,,,,,,,,0.03,0.05,0.03,0.03,,0.05,,,,0.02,,0.03,,0.04,,,,0.03,0.1,,0.01,0.02,,,0.07,0.27,0.03,,,0.05,,,,,0.03,0.01,,0.04,,0.09,0.02,,0.02,,0.02,,,0.1,,,,0.01,,,0.04,0.04,,0.13,,,0.29,0.09,0.08,0.08,0.04,0.07,0.07,0.12,0.04,0.07,0.03,0.04,0.04,0.03,0.2,0.29,1.56,0.1,0.06,0.16,0.29,0.19,0.46,0.61,0.31,0.06,0.04,0.05,0.03,0.06,,0.08,0.07,0.48,0.05,0.1,0.03,0.03,0.04,0.16,0.12,,4.5,31.94,24.82,11.5,5.87,38.39,8.38,50.65,0.3,0.2,0.16,0.36,0.17,0.55,0.48,0.29,0.23,0.89,0.71,0.03,0.05,,,,0.06,0.05,0.03,0.04,0.09,0.06,0.07,0.03,,,0.08,0.06,,0.11,0.07,0.03,,0.05,,,0.04,0.02,,0.17,0.07,0.08,0.04,0.07,,0.08,0.08,0.1,0.05,0.12,0.03,0.05,,0.05,0.16,0.1,0.19,0.17,0.02,0.02,0.06,,0.06,0.04,0.02,0.11,0.05,0.06,0.04,0.06,0.06,0.14,0.04,0.12,0.02,0.09,0.08,0.1,0.17,0.06,0.16,0.04,0.02,0.11,0.05,0.02,0.08,0.22,0.23,0.05,0.05,0.05,0.03,0.02,0.16,0.19,0.04,0.12,0.03,0.13,0.02,0.04,0.12,0.03,0.02,0.03,0.02,0.04,0.02,0.02,0.07,0.05,0.2,,0.05,0.02,0.04,0.05,0.04,0.05,0.06,,0.01,,0.21,0.08,0.04,,0.05,,0.17,0.03,0.01,0.03,0.05,0.02,,0.02,0.01,0.02,0.01,0.03,,0.07,0.08,0.21,,0.07,0.0,,,0.05,0.08,0.06,0.05,0.02,0.04,0.05,0.06,0.16,0.06,0.1,0.05,0.04,0.12,0.05,0.1,0.09,0.17,0.09,0.03,0.05,,0.07,0.07,0.03,,0.05,,,0.06,,,,,,,0.13,,,0.12,,0.12,0.28,0.06,,,,0.06,0.03,0.03,,,0.07,0.02,0.03,0.04,,0.03,,0.05,,,,,,,,,0.07,,0.05,,,0.03,0.02,,0.07,,0.02,,0.06,,,0.01,0.0,,,,
Xiamenshi_350200,0.12,0.11,0.06,,,0.06,,,,,,,,0.05,0.05,0.06,0.04,,0.02,,,,,,0.04,0.04,,,,,0.06,,,0.03,0.02,,0.07,,0.03,,0.04,0.07,,0.02,,,,,,,0.12,0.13,0.02,0.01,0.02,0.07,0.03,,0.05,0.13,,0.03,,,0.03,0.03,0.02,,0.21,,,0.18,0.21,0.07,,,0.05,0.05,,,,0.05,,,,0.05,0.11,0.13,0.39,,,,,0.12,0.67,0.23,0.12,0.04,0.07,,0.03,,,,0.08,0.08,,0.07,0.03,0.05,,0.05,0.05,6.94,,10.36,13.21,31.12,48.12,6.23,25.21,4.25,0.22,0.16,0.17,0.19,0.11,0.39,1.61,0.45,0.14,0.92,0.51,0.03,0.08,,0.03,,,0.05,,,0.07,,,,,,,0.08,0.07,0.1,0.04,,,0.11,0.11,0.09,0.09,0.33,0.8,0.11,0.07,0.16,0.16,0.08,0.13,0.09,,,0.07,0.07,,,0.02,,0.09,0.05,0.04,0.06,0.08,,0.03,0.06,0.07,0.03,0.05,0.06,0.06,0.07,0.04,0.07,,0.06,0.06,0.08,0.04,0.04,0.11,0.04,0.42,0.09,0.63,0.04,0.03,0.07,0.04,0.02,0.11,0.41,0.28,0.09,0.03,0.04,0.05,0.04,0.65,0.38,0.02,0.07,0.08,,0.04,,,0.06,0.04,0.02,0.02,0.06,,,0.02,0.04,0.07,,0.03,,0.04,0.03,0.03,0.05,,,,,,0.04,,,,0.02,0.17,0.05,,,0.04,0.01,0.03,0.03,0.04,0.02,0.02,,0.01,0.03,0.02,0.04,0.01,0.07,0.01,,,0.02,0.06,0.02,0.12,0.01,0.03,0.27,0.03,0.09,0.05,0.15,0.07,,0.04,0.03,0.07,,0.07,0.06,0.02,0.53,,0.03,0.01,,,0.08,,0.03,,,,,0.06,,,,0.12,,,,,,0.05,,,0.05,0.04,0.03,0.11,0.38,,0.05,0.03,,0.09,0.01,,0.02,0.05,,,,,,,,,0.07,,0.03,,,,,,,,,,0.06,,,0.01,0.02,,,,
Putianshi_350300,,,,,,,,,,,,,,,,,,,0.01,,,,,,,,,,,,0.13,,,,,,,,,,,,,,,,,,,,,,,0.01,,,,0.02,,,,0.03,,,,,,,0.08,,,,,,,,,,,,,,,,,,,,0.22,,,,0.1,,0.07,0.13,,,,,,,,0.02,,,,,,,,,,13.74,4.6,,3.95,11.72,2.11,2.35,1.94,2.48,0.07,0.08,0.21,0.08,0.08,0.06,0.18,0.06,0.06,0.21,0.13,,,,,,,,,,0.06,,,,,,,,,,,,,,,,,0.02,,,,,,,,,,,,,,,,,,,,0.1,,0.02,,,,,,0.03,,,0.03,,,0.03,0.03,,0.03,,,,0.07,,0.16,,,0.04,,0.17,,0.07,0.05,,,,,,0.08,0.12,,,,,0.02,,,0.05,0.02,,,0.03,,,,,,,,,,,,,,0.05,,,0.03,,0.02,,,,,,0.01,,0.01,,,,,,,,,,,0.02,,,,,,0.03,,0.01,,,,,0.03,0.05,0.01,,,,,,,0.03,,,,,0.08,,0.01,0.03,,,0.02,,,,,,,,,,,,,,,0.18,,,,,,,,,,,,,,,,,,0.05,,,,,,,,,,,,,,0.01,,0.04,,,,,0.01,0.0,,,,,,
Sanmingshi_350400,,,,,,,,,,,,,,,,,,,,,,,,,,,,,,,,,,,,,,,,,,,,,,,,,,,,,,,,,,,,,,,,,0.05,,,,,,,,,,,,,,,,,,,,,,,,0.21,,,,0.1,,,,0.14,,,,,,,0.02,,0.1,,,,,,,,9.45,3.88,3.12,,6.11,2.09,12.1,9.95,1.68,0.12,0.1,0.05,0.1,0.03,0.26,1.38,0.13,0.14,1.19,0.17,,,,,,,,,,,,,,,,,,,,,,,,,,,,,,,,,,,,0.03,,,,,,,,0.07,,,,,0.02,,,,,,0.03,,,,,,,,,,,,,,,0.05,,,,,,,0.18,,,,0.02,,,0.09,0.05,,,,,,,,,,,,,,,,,,,,,,,,,,,,,,,,,,,,,,,,,,,,,,,,,,,,0.01,0.01,,,,,,,,0.01,,,0.04,,,,,,,,0.03,,,,,,,,,,,,,,,,,,,,,,,,,,,,,,,,,,,,,,,,,,,,0.02,,,,,,,,,,,,,,,,,,,,,,,,,,,,
Quanzhoushi_350500,,,0.04,0.09,,,,,,0.04,,,,0.03,,,,,,,,,,,,,,,,,,,,,,,0.06,,,0.02,0.06,,,0.02,0.04,,0.03,,0.02,,,0.05,,,,0.05,,,,,0.06,0.03,,,,,0.02,,,,0.02,,0.14,,0.05,,,0.07,0.11,,0.08,0.07,0.03,,,0.05,0.11,0.19,0.9,0.06,0.05,0.11,0.16,0.16,0.26,0.34,0.19,0.04,0.04,0.05,0.04,,,0.02,0.14,0.07,0.02,0.12,0.03,,0.06,0.08,,13.61,30.23,31.06,15.33,,14.77,5.6,11.63,4.48,0.2,0.19,0.1,0.34,0.16,0.32,1.26,0.52,0.33,0.93,0.48,0.03,0.05,0.03,,,,0.04,0.05,,0.07,,0.05,,,,,0.05,,,0.04,,,,0.08,,0.03,0.05,,,0.05,0.08,0.04,0.13,,0.05,0.07,0.13,0.06,,0.04,,0.02,0.05,0.1,0.08,0.13,0.14,0.03,0.04,0.05,,0.05,0.05,0.06,0.09,0.06,0.08,0.09,0.07,0.02,0.07,0.1,0.15,0.03,0.17,0.08,0.09,0.22,0.06,0.49,0.06,0.04,0.08,0.02,0.04,0.14,0.36,0.32,0.15,0.13,0.03,0.08,0.05,0.52,0.55,0.06,0.09,0.03,0.15,0.03,0.04,0.06,0.03,0.04,0.04,,0.15,0.02,,0.07,0.03,0.07,,0.05,,,,,,,0.05,,,0.03,,0.03,,,,0.2,0.02,0.01,0.04,0.01,0.0,0.03,0.03,0.01,,0.02,0.03,0.01,0.02,0.08,0.13,0.01,0.06,0.01,0.0,,0.03,0.05,0.04,0.15,0.05,0.05,0.12,0.17,0.09,0.06,0.09,0.03,,,0.03,0.07,0.04,0.03,,0.03,0.11,0.14,,,,,0.04,,,0.03,,,,0.11,,,0.13,,,,,,,,,0.01,0.04,,,,,,,,,,,0.04,,,0.02,,,,,,,,0.01,,0.03,,0.04,,0.02,,0.04,,0.02,0.02,0.2,,,,0.02,,,,
Zhangzhoushi_350600,,,,,,,,,,,,,,,,0.02,,,,,,,,,,,,,,,,,,,,,,,,,,,,0.03,,,,,,0.05,,,0.02,,,0.03,0.01,,0.07,,,,,,,,,,0.06,,,0.09,,,,,,,,,,,,,,,,,0.28,,,,,,0.1,,0.13,,,,0.02,,,,,,,,,,,,,4.49,34.88,3.01,3.37,12.1,,1.81,15.64,1.31,0.07,0.04,0.03,,0.06,0.1,0.68,0.14,0.14,0.28,0.15,,,,,,,,,,0.08,,,,,,,,,,,,,,,,,,,,,,,,,,,,,,,,,,,,,0.06,0.02,,,,,,,,,,,0.04,0.02,0.06,,0.07,,0.04,0.07,0.03,0.18,0.04,4.6,0.04,0.03,0.1,0.05,0.03,0.1,0.92,0.43,0.09,0.02,0.04,0.04,0.03,5.48,1.25,0.03,0.03,0.03,0.08,0.04,0.07,,,0.07,,0.02,,,,,,,,0.01,,,0.01,,0.01,,,0.02,,,,0.02,,,,,,0.0,,,0.0,,,,,0.02,0.01,0.01,,0.02,0.02,,,,,,0.02,,,0.02,0.01,,,,,,,,0.02,,,0.06,,,,,,,,0.05,,,,,,0.03,,,,,,,,,,,,,,,,,,,,,,,,,,,0.01,,,,,,,,,,,,,0.01,,,0.02,,,,,,,,,,,,,,,,
Nanpingshi_350700,,,,,,,,,,,,,,,,,,,,,,,,,,,,,,,,,,,,,,,,,,,,,,,,,,,,,,,,,0.01,,,,,,,,,,,,,,0.02,,0.15,,,,,,,,,,,,,,0.12,,0.68,0.07,0.07,0.13,0.32,1.54,0.06,0.17,2.9,,,0.03,,0.03,,0.02,,0.14,,,,0.03,,0.03,0.04,12.78,1.29,1.94,10.69,1.88,1.1,,2.24,4.88,0.14,0.25,0.05,0.14,0.07,0.95,0.18,0.12,0.17,1.78,1.68,,,,,,,,,,,,,,,,,,,,,,,,,,,,,,,,,,,,,,,,,,,,,,,,,,,,,,,,,,,,,,,0.08,,,,,,,0.03,,,,,,,0.06,,0.03,,,,,0.04,0.04,0.01,,,,,,,0.02,,,,,,,,,,,,,,,,,,,,,,,,,,,,,,,,,,,,,,,,,,,,,,,,,,,,0.01,,,,0.07,,,,,,,,,,,,,,,,,,,,,,,,,,,,,,,,,,,,,,,,,,,,,,,,,,,,,,,,,,,,0.01,,,,,,,,,,,,,,,,,,,,
Longyanshi_350800,,,,,,,,,,,,,,,,,,,,,,,,,,,,,,,,,,,,,,,,,,,,,,,,,,,,,,,,,,,,,0.04,,,,,,,,,,,,,,,,,,,,,,,,,,,,,,,,,,,,0.08,,,,,,,,,,,,,,,0.03,,3.24,10.18,1.74,10.99,3.76,7.4,1.92,,0.66,0.06,0.05,0.05,0.06,0.08,0.11,3.09,0.15,0.09,0.16,0.12,,,,,,,,,,,,,,,,,,,,,,,,,,,0.02,,,,,,,,,0.03,,,,,,,,,,,,,,,,,,0.02,,,,,,,0.09,,,,0.04,0.04,0.11,0.08,,0.16,0.03,0.02,,0.01,,0.07,5.65,0.08,0.2,,,0.06,,0.54,0.18,0.01,,,,,,,,0.01,,,0.05,,,,,,,,0.02,,0.01,,,,,,0.04,,,,,,,,,,,,,,,,,,,,,,,,,,,,,,,,,,,,,,,,,,,,,,,,,,,,,,,,,,,,,,,,,,,,,,,,,0.01,,,,,,,,,,,,,,,,,,,,,,,,,,,,,,,,,,,,,,,,,,,
Ningdeshi_350900,,,,,,,,,,,,,,,,,,,,,,,,,,,,,,,,,,,,,,,,,0.03,,,,,0.01,,,,,,,,,,0.03,,,,,,,,,,,,,,,,,0.16,,0.04,,0.04,,,,,,,,,,0.09,0.27,7.66,0.07,0.05,0.07,0.2,0.14,0.47,0.82,0.86,,,,0.04,,,,,,,,0.02,,,0.02,0.05,19.2,1.2,2.29,1.97,1.91,1.07,6.42,1.14,,0.05,0.04,,0.07,0.04,0.11,0.1,,0.08,0.1,0.18,,,,0.03,,,,,,,,,,,,,,,,,,,,,,0.05,,,,,,,,,,,,,,,,,,0.04,,0.19,,,,0.03,,,,,,,,,,,0.04,,,,,,,,,0.06,,,,,0.02,,,0.05,,,0.02,,,0.07,0.06,,,,,,,,,,,,,0.01,,0.03,,,,,,,,,,,,,0.01,,0.02,0.03,,,,,,,0.01,,,,0.07,,,,,,0.03,,,,,0.0,0.01,,0.02,,,,,,,0.04,,,,,,,,0.05,,0.01,,,,,0.03,,,,,,,,,,,,,,,,,,,0.15,0.18,,,0.01,,,,,,,,,,,,,0.01,,,,,,,,,,,,,,,,,,,,,,,,0.0,,,,,,
Nanchangshi_360100,0.14,0.1,0.09,,0.09,,0.08,0.06,0.03,,,0.03,0.03,0.06,0.08,,,0.08,0.03,0.04,,0.05,0.07,,0.05,0.07,,0.04,,,0.05,,,,0.02,,0.07,0.16,,,0.09,0.06,0.06,,0.05,0.01,0.02,0.03,,0.04,0.08,0.03,0.06,,0.07,,,0.02,0.07,0.15,,,,0.01,,,,,,,,,0.4,0.11,0.09,0.14,0.08,0.14,0.14,,0.08,0.05,0.08,0.08,0.13,0.06,0.33,0.3,0.39,0.17,0.13,0.2,0.61,0.59,,0.26,0.19,0.17,0.14,0.1,0.07,0.07,0.06,0.12,0.65,0.43,0.11,0.12,0.05,0.1,0.13,0.35,0.16,0.45,0.15,0.42,0.82,0.4,0.22,1.09,0.33,0.24,,17.7,10.48,35.98,15.56,20.29,10.28,20.44,41.77,41.76,24.9,0.05,0.06,,0.03,,0.06,0.05,0.04,0.03,,,0.09,,0.06,0.02,0.09,0.06,0.03,0.12,0.05,0.05,0.03,0.06,0.09,,,0.07,,0.24,,0.19,0.06,0.14,0.04,0.34,0.47,0.13,0.14,0.19,0.17,0.16,0.1,0.14,0.65,0.32,0.11,0.14,0.06,0.11,0.1,0.06,0.31,0.26,0.15,0.26,0.16,0.23,0.15,0.12,0.12,0.19,0.08,0.13,0.11,0.15,0.1,0.26,0.24,0.06,0.11,0.05,0.03,0.19,0.08,0.05,0.11,0.11,0.09,0.22,0.06,0.07,0.06,0.03,0.05,0.15,0.05,0.07,0.03,0.23,0.06,0.06,0.06,0.02,0.03,,0.03,0.07,,0.07,0.02,0.07,0.3,,0.03,,,0.01,,0.01,,,,0.06,,,0.07,0.07,0.05,0.05,0.17,0.03,0.03,0.04,,0.01,0.04,,0.02,0.0,0.01,0.03,0.01,0.02,0.01,0.04,0.01,0.01,,0.0,,0.06,0.06,,0.03,0.03,0.01,0.05,0.04,0.08,0.04,0.11,0.03,,0.11,,0.18,0.13,,0.04,0.03,0.09,0.05,,0.01,,0.06,0.05,,0.03,0.03,,,,,,,0.11,,,,,0.24,,0.06,,,,0.05,0.04,,,,,0.07,,0.06,,,,,,,,,,0.03,0.05,0.01,,0.01,,,,,,,,,,,,,,,0.01,,,0.01,
Jingdezhenshi_360200,,,,,,,,,,,,,,,,,,,,,,,,,,,,,,,,,,,,,,,,,,,,,,,,,,,,,,,,,,,,,,,,,,,,,,,,,0.13,0.04,,,0.03,,,,,,,,,,0.17,0.17,0.45,0.11,0.16,0.22,0.8,0.71,0.07,0.17,0.17,0.04,0.06,,0.02,0.02,,0.1,0.25,2.41,0.03,,,0.04,0.04,0.89,0.09,0.07,0.03,0.12,,0.07,0.03,0.26,0.1,0.09,2.91,,0.42,3.84,0.41,4.83,0.33,0.56,0.71,1.83,16.04,,,,,,,,,,,,,,,,,,,,,,,,,,,,,,,,,,,0.05,0.09,,,,0.02,,0.02,,0.11,,,,,,,,,0.03,,,,,,,,,,,,,,0.03,,,,,,,,,,,,,,,,,,,,,,,,,,,,,,,,,,,,,,,,,,,,,,,,,,,,,,,,,,,,,,,,,,,,,,,,,,,,,,,,,,,,,,,,,,,,,,,,,,,,,,,,,,,,,,,,,,,,,,,,,,,,,,,,,,,,,,,,,,,,,,,,,,,,,,,,,,,,,,,,0.05,,
Pingxiangshi_360300,,,,,,,,,,,,,,,,,,,,,,,,,,,,,,,,,,,,,,,,,,,,,,,,,,,,,,,,,,,,,,,,,,,,,,,,,,,,,,,,,,,,,,,0.05,,,,,,0.1,0.11,,,,,,,,,,0.02,0.06,,,,,,,,,0.04,0.03,0.08,,0.05,,0.08,0.05,0.05,2.19,0.29,,1.25,4.73,0.82,0.97,3.94,6.28,0.66,0.62,,,,,,,,,,,,,,,,,,,,,,,,,,,,,,,0.05,,,,,,,,,,,0.02,0.04,,0.06,0.04,,,,,,1.36,3.37,0.49,0.27,0.16,0.25,0.16,0.12,0.13,0.3,0.11,0.17,0.17,0.05,0.04,0.06,0.09,0.02,,0.02,0.02,,,0.01,0.04,,,0.03,0.02,0.02,0.05,0.03,,,,,,0.07,,,,,,,,0.02,,,,,,,,0.02,,,,0.02,,,,,,,,,,,,,,,,,,,,,,,,,,,,,,,,,,,0.02,,,0.03,,0.06,,,,,,0.02,,,,,,,,,,,,,,,,,,,,0.07,,,,0.1,,,,,,,,,,,,,,,,,,,,,,,,,,,,,,,,,,,,,,,,,,,,,,,,,,
Jiujiangshi_360400,,,,,0.08,0.07,,,,,,,,,,,,,,,,,,,,,0.01,,,,,,,,,,,,0.04,,,,,,,,0.02,0.01,,,,,0.03,,,,,,,,,,,,,,,,,,0.02,,0.24,0.15,0.12,0.11,0.1,0.14,0.11,0.06,,0.04,0.1,0.14,0.13,,0.27,0.34,1.08,0.25,0.13,0.11,0.38,0.52,0.12,0.34,0.3,0.13,0.38,0.09,0.1,0.11,0.06,0.45,3.31,0.34,0.07,0.1,,0.14,0.04,2.12,0.08,0.19,0.1,0.18,0.21,0.27,0.08,0.19,0.16,0.19,17.52,12.52,2.26,,2.27,2.58,1.79,2.27,4.12,3.14,4.46,,,,0.03,0.03,,,0.03,,,,0.06,,,0.02,0.05,0.03,0.04,0.07,0.04,,,,,0.03,,0.03,,0.16,,0.14,0.07,0.1,0.05,0.47,2.72,0.1,0.18,0.19,0.36,0.18,0.11,0.19,8.38,1.32,0.11,0.08,0.09,0.11,0.09,,0.18,0.16,0.07,0.07,0.15,0.63,0.13,0.07,0.05,0.09,0.05,0.07,0.08,0.09,0.06,0.1,0.13,0.02,0.18,0.07,0.03,0.05,,0.02,0.08,0.1,0.03,0.08,0.07,0.05,0.05,0.04,0.1,0.13,0.0,,0.03,0.09,0.03,,0.05,,0.03,0.01,,0.05,,,,,0.05,,,,,,,,,,,,,,0.02,,,,,,,,0.01,,,,,,,0.02,,,0.01,0.02,,,0.0,,,,,,,0.01,0.02,0.04,,,,,,,,,,,0.05,,,,,,,,,,,,,,,,,,,,,,0.12,,0.27,,,,0.01,,,,,0.54,,,,,0.02,,,,,,,,,,,,0.01,,,,,,,,,,,,,,,,,,,,,
Xinyushi_360500,,,,,,,,,,,,,,,,,,,,,,,,,,,,,,,,,,,,,,,,,,,,,,,,,,,,,,,,,,,,,,,,,,,,,,,,,,,,,,,,,,,,,,,,,0.18,,,,0.14,0.09,,,,,,,,,,,,,,,,,,0.02,,0.06,,,0.04,,,0.06,0.04,,2.55,0.35,3.4,0.78,,0.78,1.14,7.4,9.58,0.94,0.6,,,,,,,,,,,,,,,,,,,,,,,,,,,,,,,,,,,,,,,,,,,,0.07,,,,,,,,0.09,0.1,0.05,0.07,0.05,0.06,,,0.04,0.06,0.04,,0.04,0.04,,0.11,,,,,,,,,,,0.03,0.04,,0.02,,,,,,,,,0.02,,,,,,,0.05,0.01,,0.02,,,,,,0.03,,,,,,,,,,,,,0.02,,,,,,,,,,,,,0.0,,,,,,,,,,,,,,,,,0.04,0.02,,,,,,,,,,,,,,,,0.03,,,,,,,,,,,,,,,,,,,,,,,,0.03,,,,,,,,,,,,,,,,,,,,,,,,,,,,,,,,,,,,,,,
Yingtanshi_360600,,,,,,,,,,,,,,,,,,,,,,,,,,,,,,,,,,,,,,,,,,,,,,,,,,,,,,,,,0.01,,,,,,,,,,,,,,,,0.09,,,,,,,,,,,,,,0.1,0.13,0.19,0.08,0.05,0.11,0.64,0.3,,0.15,0.1,,,,,,,0.02,0.04,,,,,,,,0.03,0.12,0.03,0.03,0.12,0.09,0.03,0.5,0.07,0.06,2.28,1.84,0.42,0.69,0.5,,0.56,0.47,0.69,5.83,7.98,,,,,,,,,,,,,,,,,,,,,,,,,,,,,,,,,,,,0.07,,,,,,,,,,,,,,,,,0.02,0.03,,,,,,,,,,,,,,,,,,,,,,,0.02,,,,,,,,,,,,,,,,,,,,,,,,,,,,0.02,,,,,,,,,,,,,,,,,,,,,,,,,,,,,,,,,,,,,,,,,,0.03,,0.06,,,,,0.02,,,0.03,,,,,,,,,,,,,,,0.02,,,,,,,,,,,,,,,,,,,,,,,,,,,,,,,,,,,,,,,,,,,,,,,,,0.04,,,,,,,,
Ganzhoushi_360700,,,,,,,,,,,,,,,0.03,,,,,,,,,,,0.05,,0.05,,,,0.04,,,,,0.04,,,,0.05,,0.04,,,,0.05,0.02,0.02,,,0.04,,,,0.03,,,,,,,,,,,0.04,,,,,,0.14,0.04,0.07,0.07,0.07,0.09,0.1,0.04,0.03,,0.04,0.06,0.05,,0.13,0.2,0.38,0.19,0.08,0.17,0.4,0.3,0.07,0.15,0.09,0.04,0.05,0.06,0.02,0.02,0.03,0.06,0.14,0.2,0.03,0.04,0.03,0.04,0.03,0.1,0.05,0.3,0.72,0.33,2.83,1.23,0.79,0.39,5.45,0.14,5.32,1.08,2.51,2.47,2.69,1.71,,20.06,3.43,6.62,1.68,,,,,,,,,,,,,,,,,,0.03,,0.05,,,,,,,,,0.14,,0.08,0.04,,,0.07,0.12,,,0.08,0.03,,0.02,,0.16,0.16,0.05,0.09,,,0.06,,0.09,0.18,0.05,0.26,0.13,0.13,0.12,0.11,0.09,1.99,0.18,0.06,0.08,0.08,0.7,6.39,1.01,0.18,0.96,0.38,0.22,0.33,0.09,0.15,0.92,8.6,0.31,5.01,0.17,0.61,0.61,0.35,1.54,1.42,0.16,0.05,0.02,0.16,0.08,0.08,0.13,,0.05,0.09,0.02,0.18,,0.02,0.04,0.03,0.06,,0.04,0.06,0.04,0.03,0.04,0.04,,,0.03,0.06,,0.08,0.03,,,,,,,,,,0.02,,0.0,,,0.01,0.0,0.01,0.02,,,,,,,,0.03,,,0.01,,0.04,0.08,0.05,0.03,0.06,,,0.05,0.02,,,,0.02,,,,,,,,,,,,,,,,,,,,,,,,,,,,,,,,0.02,,,,,0.03,,,,0.01,,,,,,,,,,,,,,,,,,,,,,,,,,,,,0.03
Jianshi_360800,,,,,,,,,,,,,,,,,,,,,,,,,,,,,,,,,,,,,,,,,,,,,,0.01,,,,,,,,,0.02,,,,0.05,,,,,,,,,,,,,,0.11,,,,,,,,,,,,0.04,,0.09,0.13,0.22,0.07,0.07,0.07,0.25,0.12,,0.25,0.07,,,,0.02,,,,0.08,0.09,,,,,,0.16,0.04,0.09,0.13,0.18,0.34,0.37,0.15,0.14,0.46,0.08,7.43,0.71,8.07,2.12,16.88,1.07,18.23,,6.35,4.45,1.43,,,,0.04,,,,,,,,0.07,,,,,,,,0.06,,,,0.06,,,0.03,,,,,,,,0.06,0.09,,,,0.02,0.04,0.04,0.04,0.11,0.05,0.06,,0.02,,,,0.14,0.56,0.09,0.37,0.1,0.08,0.05,0.05,0.05,1.0,0.14,0.13,0.12,0.13,0.11,0.38,0.42,0.04,0.1,0.07,0.07,0.04,0.03,0.05,0.25,0.26,0.06,0.34,,0.1,0.21,0.1,0.06,0.19,,0.02,0.04,0.21,,,0.05,0.03,0.02,,0.02,0.1,0.04,0.02,0.02,0.01,0.07,,0.01,,0.02,0.01,,0.04,,,,0.01,,,,,,,,,,,,,,,0.01,,,,,,,,,0.01,,,0.01,,,,0.02,,,0.03,,0.06,,,,,,,0.03,,,,,,,,,0.03,,,,,,0.01,,,,,,,,,,,,,,,,,,,,,,,,,,,,,,0.05,,,0.09,,,,,,,,0.01,,,,,,,,,,,0.0,,,,,,
Yichunshi_360900,,,,,,,,,,,,,0.03,,,,,,,,0.14,,,,,,,,,,,,,,,0.04,,,,,,,,,,,,,,,,,0.03,,,,,,,,,,,,,,,,,,,,0.15,,0.05,,0.04,0.06,0.07,,,,0.04,,,,0.14,0.22,0.76,0.13,0.11,0.14,0.54,0.41,,0.38,0.22,0.04,0.05,0.03,0.02,0.03,,0.02,0.2,0.17,0.05,0.06,,0.03,,0.06,0.09,0.19,0.1,0.18,0.3,0.27,0.11,0.43,0.15,0.12,23.07,2.08,19.11,5.1,38.99,3.47,3.55,11.2,,5.63,2.5,,,0.02,,,,,,,,,,,,,,,,,,,,,0.05,,,,,0.11,,0.06,0.04,,,0.11,0.17,,,0.06,0.09,,0.04,0.08,0.29,0.22,0.08,0.05,0.03,0.02,,,1.02,0.82,0.42,0.24,0.23,0.34,0.19,0.07,0.17,0.35,0.13,0.16,0.17,0.11,0.09,0.15,0.16,0.03,0.05,0.07,0.05,,,0.04,0.12,0.06,0.03,0.1,0.03,0.06,0.09,0.05,0.08,0.1,,0.04,0.03,0.16,0.03,,,,0.04,,0.03,0.03,,0.03,,0.02,0.09,,,0.02,,0.02,,,,,0.01,,,,,,,,,,,0.02,,,,,,,,0.02,,,0.02,,,,,,,0.02,0.03,,0.02,0.04,0.02,0.04,0.06,0.11,0.03,0.08,,,0.08,,,0.01,0.01,,0.03,0.06,,,0.03,,,,,,,,0.02,,,,,,,,,,,,,,,,,,0.03,0.02,,,,,,,,,,,,,,,,,,,,,,,,,,,,,,,,,,,0.01,,,
Fuzhoushi_361000,,,,,,,,,,,,,,,,,,,,,,,,,,,,,,,,,,,0.02,,,,,,,,,,,,,,,,,,0.03,,,,,,,,,,,,,0.03,,,,,,,0.21,,0.07,,0.05,0.09,0.06,,,,0.03,0.03,0.04,,0.2,0.29,0.68,0.15,0.1,0.21,0.63,0.67,0.07,0.31,0.2,,,0.03,0.04,0.02,,,0.08,0.31,0.05,,0.02,0.04,0.03,0.11,0.05,0.42,0.25,0.37,1.26,0.46,0.22,2.32,0.42,0.24,10.59,3.41,1.26,2.34,1.86,13.23,4.07,3.74,2.79,,3.49,,,,,,,,,,,,,,,,,,,,,,,,,,,0.09,,,,,,,,0.06,0.05,,,,0.01,0.05,0.02,0.05,0.09,0.07,0.04,,0.02,0.02,0.03,,0.06,0.08,0.05,0.1,,0.06,0.04,,,0.05,0.07,,0.03,,0.05,0.15,0.09,0.02,0.14,0.04,0.02,,0.03,,0.06,0.15,0.12,0.11,0.04,0.03,0.04,0.02,0.12,0.26,0.05,0.03,0.02,0.16,0.07,,,,,0.01,0.03,0.05,0.04,0.07,,0.01,,,0.02,,,,,,,0.02,0.02,,,,,,,,,,,,,,,,0.01,,0.01,,,,,,0.0,,,,,,,,0.02,,,,,0.04,,,,,0.02,,,,,,,,,,,0.03,,,,,,,,,,,,,,,,,,,,,,,,,,,,,,,,0.01,,0.0,,,,,,,,,,,,,,,,,,,,,,,,,,,,,,
Shangraoshi_361100,,,,,,,,,,,,,,,,,,,,,,,,,,,,,,,,,,,,,,,,,,,,,0.05,,,0.02,,,,,0.06,,,,,,,,,,,,,,0.03,,,,,,0.52,0.1,0.11,,0.11,0.17,0.11,,0.04,0.04,0.1,0.05,0.05,0.05,1.37,1.27,2.18,0.59,0.4,0.65,4.73,12.33,0.26,0.95,1.06,0.06,0.21,0.03,0.17,0.16,,0.27,0.33,2.85,0.07,0.08,0.04,0.07,,1.76,0.42,0.5,0.19,0.33,0.57,0.45,0.1,2.73,0.25,0.35,10.68,39.47,1.15,5.14,1.42,31.79,1.32,1.44,1.82,5.09,,,,,0.03,,,,0.03,,,,,,,,,,,,,,0.02,,0.06,,,,,,0.04,0.05,,,,0.09,0.14,,,,0.03,,0.04,0.05,0.21,0.12,0.1,0.1,,0.02,0.03,,0.08,0.08,0.05,0.07,0.04,0.07,0.06,0.11,0.04,0.06,0.05,0.1,0.06,0.03,0.03,0.03,0.05,0.02,0.07,0.02,0.02,,,,0.04,0.05,,0.05,,0.02,0.03,0.03,0.08,0.03,0.01,,0.02,0.12,,,,,,,,,0.01,0.02,0.03,,,,0.04,,,,,,0.01,,,,,,,,,,,,,0.02,,,,,,,,,,,,0.03,,0.01,,,,,,0.01,,0.01,,0.04,0.02,0.08,0.02,0.04,0.02,,,0.04,0.05,0.01,0.05,,,,,0.03,,,,,,,,,,,,,,0.16,,,,,,,,0.02,,0.04,,0.04,,,,,,,,,,,,,,,,,,,,,,,,,,,,,,,,,,,,,,,,
Jinanshi_370100,0.98,0.97,0.68,0.44,0.51,1.18,1.18,0.53,0.32,0.21,1.63,0.35,1.04,0.17,0.16,0.33,0.29,0.22,0.08,0.13,0.18,0.16,0.16,0.1,0.25,0.24,,0.43,0.13,0.14,0.3,0.11,0.03,0.07,0.1,0.12,0.18,0.42,0.14,0.13,0.23,0.1,0.26,0.19,0.07,0.11,0.15,0.06,0.19,0.23,0.18,0.18,0.1,,0.13,0.09,0.07,0.2,0.27,0.38,0.15,0.03,0.22,0.03,0.08,0.29,0.09,0.09,0.21,0.07,0.07,0.09,0.29,0.22,0.14,0.86,0.11,0.14,0.2,0.51,0.19,0.24,0.17,0.14,0.12,0.26,0.12,0.12,,0.06,0.08,0.08,,0.13,0.1,0.14,0.04,0.14,0.11,0.21,0.08,0.07,0.15,0.02,0.14,0.08,0.1,0.22,0.23,0.12,0.23,0.12,0.04,0.08,0.03,0.06,,0.09,0.03,0.04,0.03,0.07,0.07,0.06,0.03,0.06,,0.04,0.07,,,,0.07,,5.87,19.97,9.14,10.01,6.16,9.57,12.16,36.63,5.37,7.16,8.9,31.99,21.28,16.35,14.65,0.14,0.21,0.23,0.12,0.3,0.17,0.23,0.21,1.21,0.15,0.09,0.29,0.18,0.42,0.1,0.19,0.1,,0.07,0.04,0.1,0.05,0.1,,0.05,0.02,0.08,0.04,0.12,0.11,0.08,,,,,0.05,0.02,0.02,,0.03,,,0.03,0.04,,,,0.02,0.04,0.04,0.03,0.05,,0.03,,,,,,,,,,,,,,,0.03,,0.07,0.03,,,0.06,0.06,0.02,,,0.02,,0.01,,,0.04,0.19,,0.05,0.06,,0.02,0.02,0.07,0.01,,,,0.12,0.02,0.02,0.17,,0.02,0.14,0.05,,0.04,0.01,0.01,0.05,0.05,,,0.01,0.01,0.01,,0.03,0.03,0.0,0.05,0.01,0.02,0.01,,0.04,0.01,0.02,,,,,,0.02,0.13,,0.02,0.02,,0.1,0.03,0.09,0.02,,,0.11,0.03,,0.03,,0.07,0.04,0.06,0.06,0.03,,,,,0.14,,0.23,0.13,0.2,0.18,0.15,0.09,0.07,,0.01,,0.07,,0.05,,,0.19,,0.05,0.05,,0.1,0.02,0.11,,,,,0.04,0.07,0.05,0.03,,0.03,0.14,0.02,0.04,0.05,0.03,0.09,0.06,,0.04,0.23,0.11,0.05,0.01,0.01,0.05,0.04,0.05,0.03,
Qingdaoshi_370200,0.65,0.5,0.29,0.25,0.25,0.61,0.27,0.22,0.1,0.19,0.51,0.14,0.29,0.09,0.1,0.11,0.16,0.1,0.09,0.09,0.15,0.1,0.06,0.03,0.1,0.14,0.02,0.37,0.1,0.08,0.5,0.07,0.04,0.06,0.14,0.04,0.2,1.03,0.09,0.09,0.16,0.29,0.18,0.11,0.05,0.06,0.1,0.06,0.14,0.2,0.23,0.24,0.11,0.07,0.28,0.33,0.08,0.24,0.38,0.64,0.36,0.66,0.6,0.23,0.17,0.63,0.4,0.42,0.87,0.37,0.21,0.46,0.35,0.17,0.12,0.57,0.1,0.15,0.3,2.34,0.31,0.56,0.19,0.11,0.14,0.31,0.1,0.21,0.15,0.07,0.09,,0.11,,0.57,,,0.09,0.09,0.18,0.06,0.1,0.18,0.02,0.11,0.07,0.1,0.11,0.12,0.03,0.1,0.05,0.03,0.11,0.05,0.06,,0.05,0.03,0.04,,0.08,0.05,0.07,0.04,0.07,,,,,,0.06,,3.88,,5.57,2.75,5.11,25.01,23.05,2.89,3.37,12.38,15.5,7.24,1.85,1.94,2.72,3.17,0.09,0.09,0.17,0.06,0.21,0.07,0.13,0.2,0.48,0.1,0.02,0.14,0.17,0.2,0.06,0.13,0.12,0.04,0.06,,,,,,0.05,0.02,,,0.06,,0.07,,0.03,0.02,,0.03,0.02,,,,,,,,,,,0.02,,0.04,,0.04,0.02,,0.02,,0.05,,,,0.05,,,,0.02,,,,0.03,,0.04,,0.16,0.03,0.05,0.05,,,0.02,,,,,,0.04,0.16,,0.01,,0.08,,0.05,0.04,,0.02,0.03,0.01,,,0.02,0.03,0.07,,0.12,0.04,0.01,0.02,0.01,0.0,0.03,0.02,,0.01,0.05,,0.01,0.08,0.01,0.02,0.01,0.07,0.0,0.0,,0.04,0.02,,0.03,0.01,,,,,,,,,,,,,0.01,,,,0.11,,,,,0.06,0.04,0.06,,0.01,0.02,0.2,0.11,,,,0.29,,,0.12,,,0.09,0.01,0.03,0.03,0.07,0.03,0.09,0.05,0.07,,0.1,0.03,0.02,0.04,0.08,0.0,,,,,,0.04,0.04,0.05,0.02,0.01,0.01,0.05,,0.02,,0.02,,0.13,0.05,,0.03,0.04,0.02,0.01,0.01,0.03,0.02,,,
Ziboshi_370300,0.19,0.31,0.16,0.17,0.08,0.25,0.28,0.16,0.07,0.04,0.37,0.09,0.22,0.04,0.06,0.11,0.08,,0.11,0.05,,0.05,0.08,0.05,0.04,,0.04,0.08,,0.06,,0.03,0.06,,0.03,0.02,0.04,,0.04,0.05,,,0.07,0.04,,0.02,0.04,0.03,0.06,0.1,0.06,0.09,,0.03,0.09,,,,0.1,,0.04,,0.03,,0.03,0.03,0.03,0.09,0.06,0.05,0.02,,,0.05,,0.17,0.05,,0.07,0.27,0.15,0.19,0.04,0.03,0.07,0.11,,,,,,,,,0.07,,,,,0.06,,0.02,0.07,,0.05,,0.03,,0.05,,0.03,,,,,,,,,,,,,,,,,,,,,,,6.62,3.69,,1.28,9.11,2.53,8.88,1.62,3.6,1.91,2.16,3.5,1.91,1.25,28.61,1.08,,0.04,0.08,,0.05,0.05,0.09,0.1,0.21,0.07,,0.08,,0.08,,,,0.07,,,,,,,,0.02,,,,0.05,,0.02,,,,,,,,,,,,,,,,,,,,,,,,,,,,,,,,,,,,,,,,,,0.03,,,,,,,,,0.04,0.03,,0.05,,0.01,,0.03,,,,,,,,,,0.03,0.04,0.1,,,,,,,0.01,0.02,,,,,,,,,,,,,,,,,,,,,,,,,,,,,,,,0.03,,,,,,,,,,,,0.03,,,,,,,0.19,0.21,,,0.13,,,,,0.03,0.04,,,,0.02,,,,,,,0.03,,0.01,,,,,,,,,,,,,0.02,0.03,0.01,,,,,,,,,,,,,,
Zaozhuangshi_370400,0.15,0.13,0.04,0.06,,0.18,0.12,0.06,0.1,0.03,0.1,0.04,0.05,,0.03,0.02,0.06,0.1,0.02,0.03,,0.03,,,,0.03,0.01,,,0.1,0.1,0.02,0.01,,0.1,,,,,,,,,,,0.03,0.03,,0.08,,,,,,,,,0.02,0.05,,,0.06,,,,0.03,,,0.1,,,,0.2,0.12,0.1,5.85,0.1,0.18,0.19,0.61,0.21,0.21,0.15,0.14,0.11,0.62,0.06,,,0.1,0.08,,,,0.06,,,0.05,0.07,0.22,0.1,0.07,0.42,0.06,0.07,0.05,0.09,0.09,0.42,0.04,0.12,,0.04,,,,,,,,,,,,,,,0.05,,,,,,2.61,1.16,0.92,,0.58,0.91,0.91,16.09,2.41,0.46,1.49,7.85,0.72,0.64,0.38,2.0,0.04,0.06,,,0.07,0.03,0.06,,0.08,0.04,0.02,,,0.23,,0.04,,,,,,,,,,,,,,,,0.02,,,,,,,,,,,,0.03,,,,,,,,,,,,,,,,,,,,,,,,,,,,,,,,,,,,,,,,,,,,,,,,,,,,,,,,,,,,,,,,,,,,,0.0,,,,,,,,,,,,,,,,,,,,,,,,,,,,,,,,,,,,,,,,,,,,,,,,0.08,,,,0.1,,,,,,,,,,,0.03,0.1,,,0.01,,,,,,,,,,,,,,,,,,,,,,,,,,,,0.01,,,,,
Dongyingshi_370500,0.14,0.29,0.09,0.13,,0.11,0.12,0.16,0.07,0.05,0.64,0.08,0.3,,0.04,0.06,0.07,,0.03,0.02,,0.08,,,,,,0.06,0.03,0.09,,0.05,0.02,,,0.04,,0.19,,0.03,,0.03,,0.07,0.04,0.01,0.08,,0.04,0.12,,0.05,0.03,,0.02,,0.04,0.03,0.05,,0.07,,,,0.13,,0.03,,,0.05,0.04,,,,,,,,,0.21,0.14,0.06,,,,,,,,,,,,,,,,,,0.03,,,0.03,,0.03,,,,,,,,,,,,,,,,,,,,,,0.05,,,,,,,1.62,1.39,4.8,0.28,,1.7,5.46,0.69,1.08,0.81,0.76,1.12,1.56,0.76,14.85,0.6,,0.04,,,,0.03,,,0.29,,,0.08,,,,0.04,,,,,,,,,,,,,,,,,0.02,,,,,,,,,,,,,,,,,,,,,,,,,,,,,,,,,,,,,,,,,,,,,,,,,,,,,,,,,,,,,,,,,,,,,,,,,,,,,,,,,,,,,,,,,,,,,,,,,,,,,,,,,,,,,,,,,,,,,,,,,,,,,,,,,,,,,,,,,,,,,,,,,,,,,,,,,,,,,,,,,,,0.06,,,,,,,,0.02,,,,,,,,,
Yantaishi_370600,0.24,0.3,0.11,0.21,0.18,0.26,0.1,0.13,0.06,0.08,0.2,0.06,0.09,0.04,0.08,0.07,0.08,,0.04,0.03,0.11,0.02,,,0.08,0.03,,0.15,0.01,0.03,0.18,,0.05,0.03,0.03,0.02,0.08,1.31,0.03,0.03,0.12,0.16,0.07,0.15,,0.01,0.07,,0.03,0.1,0.05,0.15,0.03,0.03,0.09,0.07,0.02,0.06,0.16,0.26,0.08,,0.12,0.09,0.14,0.14,0.19,0.04,0.26,0.07,,0.09,0.12,0.06,,0.18,0.05,0.05,0.19,0.5,0.11,0.21,,0.06,0.07,0.07,,,,,,,,,0.24,,,,0.03,0.04,,0.03,,,,,0.06,0.06,0.07,,0.06,,,,,,,,,,,,,,,,,,,,,,,2.41,18.77,2.07,0.63,2.8,,5.94,1.17,0.93,42.12,2.03,1.65,0.89,0.68,1.25,0.88,0.03,0.04,,0.04,0.07,0.04,0.07,,0.13,,0.02,0.07,,0.06,0.06,0.07,,0.05,,,,,,,,,,,,,,,,,,,,,,,,,,,,,,,,,,,,,,,,,,,,,,,,,,,,,,,,,,0.06,,,,,,,,0.02,,,,,,,,,,,,,,,0.02,,,,,,,,,,0.01,,0.04,,,,,0.01,,,,,,0.0,,,,,,,,,,,,,0.05,,,,,,,,,,,,0.02,,,0.06,,0.02,,0.03,,,,,,0.21,,,,,,,,0.03,0.01,,,,,,,,,,,,,,0.0,,,,,,,,,,,,,,,,,,,,,,,,,,,,,,
Weifangshi_370700,0.36,0.51,0.26,0.33,0.24,0.66,0.43,0.29,0.19,0.15,0.71,0.14,0.42,0.05,0.06,0.06,0.2,0.04,0.05,0.08,0.16,0.1,0.13,0.08,0.04,0.07,0.04,0.24,0.05,0.06,0.25,0.03,0.05,0.05,,,0.12,0.33,0.09,0.07,0.06,0.05,0.15,0.08,0.08,0.05,0.07,0.06,0.09,0.24,0.09,0.2,0.09,0.04,0.19,0.11,0.09,0.03,0.16,0.2,0.18,0.06,0.03,0.05,0.06,0.11,0.05,0.14,0.37,0.26,0.13,,0.11,0.08,0.11,0.41,0.1,0.08,0.18,0.85,0.23,0.42,0.12,0.08,0.11,0.23,,,,,,,,,,0.1,,0.04,0.05,0.1,0.02,0.03,0.12,0.03,,0.05,0.08,0.08,0.08,0.03,0.07,,0.03,,,,0.03,,,0.03,,,,,,,,,0.06,,,,,6.29,22.06,15.26,1.47,17.55,8.85,,2.32,3.26,4.14,11.21,6.11,2.54,2.08,5.23,1.8,0.05,0.13,0.11,0.06,0.16,0.09,0.16,0.19,0.26,0.03,0.09,,0.13,0.15,,0.09,0.06,,,,,,,,0.05,,,,,,,,0.04,0.03,,,,,,,,0.04,,,,0.03,0.04,,,,,,,,,,,,,,,,,,,,,,,,0.03,,,,0.12,,,,,,,,,,,0.06,1.17,,0.08,,,,0.02,,,,,,0.04,0.08,,0.12,,,0.01,,,,,0.02,,,,0.01,,,,,,,0.04,,,0.03,0.07,,,,,,,,,,,,,,,0.07,0.04,0.05,,,,,,,,,,0.12,0.03,,,,,0.06,,0.19,0.11,0.16,0.17,,0.14,,,,,,,,0.04,0.03,,,,,,0.02,,0.03,,0.01,,,,,0.08,0.04,,0.02,,,0.04,0.02,,,0.01,,0.05,,,,,,,0.01,,,,0.06,
Jiningshi_370800,0.36,0.38,0.17,0.19,0.16,0.62,0.43,0.19,0.08,0.1,0.35,0.12,0.22,0.06,0.06,0.11,0.31,0.26,0.1,0.11,0.14,0.14,0.12,0.13,0.05,0.09,0.06,0.09,,0.67,0.11,0.03,0.03,,0.1,0.04,0.08,,0.06,0.03,0.1,0.03,0.1,,0.08,0.02,0.03,0.03,,0.08,0.08,0.06,0.04,0.03,0.05,0.03,0.03,0.06,0.08,0.13,0.12,,0.03,,0.1,0.07,,0.04,0.08,,0.03,,0.14,0.13,0.09,5.25,0.1,0.14,0.16,0.49,0.23,0.23,0.15,0.09,0.11,0.37,0.06,0.1,,0.1,0.1,0.06,,0.12,0.09,,,0.06,0.07,0.23,0.07,0.04,0.38,0.03,0.05,0.07,0.16,0.16,0.53,0.06,0.23,0.05,0.1,,,0.03,,,,0.05,,0.05,,,,,,0.07,,,,,,7.39,2.18,2.24,32.8,1.77,1.77,2.17,,14.47,1.29,2.85,6.89,2.04,2.99,1.14,22.95,0.1,0.28,0.17,0.09,0.39,0.15,0.24,0.16,1.52,0.1,0.13,0.14,0.18,0.71,0.1,0.17,0.12,0.13,,,,,0.07,,0.06,,0.05,0.04,0.04,,,,,,,,,,,,,,,0.03,,0.03,,,,,,,,,,,,,,,,,0.02,,,,,,,,0.03,0.02,,,0.26,0.06,,,,,,,,,,,,,,,,,,,,,,,,,,0.02,,,,0.0,,,,0.03,0.04,,0.01,,,,,,,,0.01,,,0.02,,,0.01,,,,,,,,0.06,,,,,,,,0.03,,,,0.03,,,,0.06,,0.03,,,,,,0.14,0.14,0.29,0.33,0.17,,0.6,0.12,,,,,,0.07,,0.05,0.02,0.05,,,0.03,,0.01,0.05,,,,,,0.09,0.06,0.05,0.05,0.01,,0.03,0.03,,0.02,,,0.02,,0.03,,0.1,,0.04,0.0,,0.06,,0.1,,
Taianshi_370900,0.36,0.35,0.17,0.2,0.11,0.49,0.37,0.14,0.08,0.07,0.4,0.13,0.24,0.04,0.03,0.16,0.12,0.18,0.14,0.08,,0.16,0.14,0.15,0.05,0.05,,0.06,0.06,0.36,0.22,0.02,0.03,0.02,0.04,0.02,0.05,,,,0.06,,0.07,0.03,0.04,,0.03,0.03,0.03,0.05,0.06,0.03,,,,,0.03,0.03,0.07,0.13,0.07,0.03,,,,0.11,0.04,0.04,,0.02,,,0.08,0.08,0.05,0.54,0.06,0.06,0.08,0.35,0.08,0.13,0.06,0.05,0.06,0.17,,,,,,,,0.08,0.07,,,0.04,0.04,0.09,0.04,0.05,0.07,,0.03,,0.07,0.08,0.12,,0.08,0.04,,,,,,,,,,,,,,,,,,,,,,12.85,2.12,4.56,2.47,2.09,1.51,2.3,10.5,,1.08,2.17,4.56,2.43,3.9,1.82,3.2,0.04,0.08,0.09,,0.21,0.06,0.07,0.08,0.6,0.05,0.02,0.08,,0.17,,,,,,,,,,0.03,,0.02,,,,,,0.03,,,,,,,,,,,,,,,,,,,,,,,,,,,,,,,,,,,,,,,,,,,,,,,,,,,,,,,,,,,,,0.02,,,,,,,0.04,0.03,,,,,,,,,,,,,,,,,0.02,,,,,,,,,,,,,,,,,,,,,,,,,,,,,,,,,,0.02,,,,,,,,0.21,0.11,,,,0.32,,,,,,0.02,,0.02,,,,,0.01,,,,0.03,,,,,,,,0.03,,0.01,,,,,,0.14,0.01,0.02,,,,0.06,0.04,0.04,0.01,,,,,,
Weihaishi_371000,0.13,0.12,0.06,0.3,0.22,0.07,,,0.06,0.02,0.12,0.03,0.05,,,0.03,,,,,,,,,,,,,0.03,,0.08,,,,,,0.05,0.9,,,0.09,0.14,0.06,0.24,,,0.06,,0.03,0.06,,,0.04,,,0.03,0.01,,0.13,0.13,0.09,0.12,0.09,0.09,0.08,0.14,0.15,0.19,0.13,0.15,0.06,0.09,0.08,,,0.08,,,0.07,0.25,0.07,0.16,,0.05,,0.05,,,,,,,,,0.61,,,,,,,,0.03,,,,,0.05,0.02,,,,,,,,,,,,,,,,,,,,,,,,,0.96,4.23,0.86,0.2,0.61,22.71,1.37,0.41,0.45,,0.75,0.62,0.34,0.32,0.32,0.25,,,,,,,,,0.04,,,,,0.06,,0.1,,,,,,,,,,,,,,,,,,,,,,,,,,,,,,,,,,,,,,,,,,,,,,,,,,,,,,,,,,,,,,,,,,,,,,,,,,,,,,,,,,,0.06,,,,,,,,,,,,,,,,,,,,,0.01,,,,,,,,,,,,,,,,,,,,,,,,,,,,,,,,0.02,,,,,,,,,,,0.1,,,,,,,,,,,,,,,,,,,,,,,,,,,,,,,,,,,,,,,,,,,,0.01,,,,,,
Rizhaoshi_371100,0.07,,0.06,,0.07,0.23,0.07,0.05,,,0.06,0.04,0.04,,0.03,,0.25,0.21,,0.05,0.12,0.04,0.1,0.04,,,,,0.02,,0.08,,,0.02,,,,0.16,,,,0.03,,0.04,,,,0.02,,,,,,,0.03,0.05,0.02,,0.1,,,,,,,0.03,0.03,,0.08,0.1,,,,0.04,,0.27,,,0.1,4.79,0.16,0.31,0.03,0.04,0.05,0.26,,,,,,,,,0.24,,,,,0.06,,0.04,0.05,,,,,,0.04,,0.04,,,,,,,,,,,,,,,,,,,,,,,1.35,7.24,1.21,1.21,1.14,1.38,7.2,1.3,1.19,1.14,,14.34,0.58,0.33,0.56,0.57,,,,,0.06,0.01,0.04,0.08,0.06,,,,,0.05,,,,,,,,,,,,,,,,,,,,,,,,,,,,,,,,,,,,,,,,,,,,,,,,,,,,,,,,,,,,,,,,,,,,,,,,,,,,,,,,0.01,,,,,,,,,,,,,,,,,,,,,,,,,,,,,,,,,,,,,,,,,,,,,,,,,,,,,,,,,,,,,,,,,,,,,,,,,,,0.01,,,,,,0.03,,,,,,,,,,,,,,,0.04,,,,,,,,,,,,,,0.03,,,,0.01,,,,,
Linyishi_371300,0.29,0.34,0.2,0.28,0.19,0.52,0.51,0.19,0.14,0.19,0.41,0.15,0.24,0.07,0.06,0.12,0.15,0.23,0.09,0.08,0.18,0.09,0.15,0.06,0.04,0.06,,0.17,0.1,0.09,0.1,,0.02,,0.05,0.02,0.08,0.28,,0.07,0.05,0.05,0.19,0.05,0.09,0.06,0.09,0.03,0.09,0.18,0.06,0.07,0.06,0.04,0.09,0.15,0.05,0.12,0.1,0.11,0.27,0.12,0.09,0.07,,0.03,0.03,,0.3,0.07,0.02,,0.4,0.2,0.19,5.36,0.16,0.25,0.47,13.05,0.92,0.99,0.5,0.24,0.33,2.54,0.12,0.24,0.16,0.17,0.15,0.08,0.18,0.12,0.13,0.23,0.06,0.08,0.12,0.49,0.12,0.09,0.38,0.07,0.19,0.09,0.21,0.28,0.57,0.1,0.3,0.1,0.1,,0.02,0.05,,0.06,,0.07,,,,0.07,,,,0.06,0.06,0.09,,,0.07,4.99,7.64,4.89,15.3,3.46,3.2,7.08,7.71,8.08,2.16,32.09,,2.05,1.68,1.97,3.11,0.07,0.15,0.12,,0.17,0.07,0.15,0.18,0.31,0.12,0.05,0.13,0.22,0.44,0.1,0.21,0.08,0.04,,,0.12,0.06,0.06,,,0.04,,0.04,,0.08,,,,,,,,0.03,,,,,,,0.04,,,,,,0.03,,,0.06,,,0.05,0.01,,,,0.05,,,,,,0.07,0.05,,0.03,0.01,0.1,0.02,,,0.01,,,,0.03,,,0.05,0.02,0.05,,0.04,,,,,,,,,,,,0.02,,,,,0.01,,0.01,,,0.02,0.04,,,,,,,,,,,,0.0,,,,,,,,,,,,,,,,,,,,0.02,0.04,,0.05,,,,,,,,,,0.05,,0.08,,0.29,,,0.13,,0.31,,,0.03,,0.01,0.06,0.07,,0.03,,0.03,0.08,,,,0.01,0.03,,0.01,,0.03,,,0.04,,0.05,0.02,,,,,0.04,,,,,,0.02,,0.04,0.01,,0.01,,,,,
Dezhoushi_371400,0.84,2.8,0.63,0.41,0.34,0.76,1.82,0.65,0.22,0.13,8.75,0.54,16.49,0.08,0.12,0.38,0.15,0.09,0.1,0.11,,0.27,0.1,0.09,0.08,0.11,,0.13,0.08,0.08,0.05,0.05,0.1,0.03,0.16,0.05,0.1,0.14,0.05,0.06,0.03,,0.09,0.11,0.07,,0.06,0.07,0.16,0.19,0.07,0.11,0.04,0.04,0.07,0.05,0.05,0.03,0.07,0.14,0.06,0.03,0.15,,0.04,0.03,0.04,,,0.02,0.04,,,0.05,,0.21,,,0.06,0.12,0.06,0.1,0.05,0.03,0.04,0.09,,,,,,,,,,,,0.05,0.06,0.12,,0.03,0.04,,,,0.06,0.04,0.04,,0.06,0.02,,,,,0.04,,,,,,,,,,,,,,,,,17.24,1.38,2.96,1.18,4.32,1.53,1.96,1.92,3.4,0.83,1.01,1.48,,12.54,6.48,1.37,0.04,0.09,,0.03,0.15,0.03,0.13,0.08,0.34,0.03,0.04,0.15,,0.14,,0.08,,,,,,,,,,,0.04,,,,0.06,,,,,,,,,,,,,,,,,,,,,,,,,,,,,,,,,0.02,,,,,,,,,,0.01,,,,,,,,,,,,,,,,,0.02,,,0.01,,0.03,,,,,0.03,,,,,,,,,,,,,,0.02,,,,,,,,,,,,,,,,,,,,,,,,,,,0.03,,,,,,,,,,,,0.06,,,,,0.07,,0.06,,,,0.15,0.12,,0.03,,,,,0.02,,,,,,,,,,0.0,,,,,,0.07,,,0.02,,0.02,0.04,0.02,,,,,,0.05,,,,,,,0.01,,,,
Liaochengshi_371500,0.56,0.64,0.43,0.23,0.13,5.9,7.17,0.3,0.13,0.08,0.67,0.23,0.63,0.05,0.06,0.47,0.92,0.16,0.04,0.15,0.27,0.24,0.2,0.22,0.06,0.06,0.03,0.11,0.03,0.03,,0.05,0.03,,0.05,,0.05,,0.04,0.06,0.03,0.04,0.09,,,,0.06,0.03,0.11,0.2,0.05,0.07,0.04,0.07,0.04,,0.02,0.03,0.11,0.12,,,0.09,0.01,0.06,0.14,0.02,,0.1,0.02,0.05,,,0.05,0.08,0.23,0.05,0.06,0.09,0.13,0.04,0.07,0.05,0.03,0.05,0.07,,,,,,,,,0.08,,,0.03,0.08,0.04,0.05,,0.05,,,,0.03,0.18,0.09,0.04,0.09,,0.07,,,,,,,,,,,0.05,,,,,,,,,,8.0,1.07,1.55,0.85,1.62,1.37,1.81,2.54,3.59,0.72,0.89,1.32,8.6,,1.48,3.33,0.1,0.17,0.17,0.08,0.61,0.22,0.25,0.14,18.26,0.04,0.04,0.12,0.16,0.21,0.05,0.14,0.08,0.08,,,,,,,,,,,0.07,,,,0.02,,,,,,,,,,,,,,,,,,,,,,,,,,,,,,,,,,,,,,,0.01,,,,,,,,,0.02,,,0.01,,,,,,,,0.02,,0.01,,,,,,0.03,,,,,,,,,,0.03,,0.01,,,,,,,,0.0,,,,,,,,,,,,,,,,,,0.02,,,,0.03,,,,,,,,,,0.02,,,,,0.4,,0.14,0.12,,,0.13,0.17,0.36,,,,,0.01,0.03,,,,,,0.11,,,,,0.04,,,,,,,,0.04,,0.01,,,,,0.04,0.1,0.02,,0.03,0.03,,0.02,,,0.0,0.01,0.0,0.02,,0.16,
Binzhoushi_371600,0.23,1.25,0.24,0.83,0.19,0.3,0.34,0.46,0.22,0.15,2.68,0.15,0.48,0.03,0.18,0.12,0.12,0.06,0.24,0.05,,0.2,0.04,0.05,,,0.01,0.2,0.05,0.08,,,0.06,,,,,,0.04,0.04,,0.03,0.09,0.07,0.11,0.02,0.06,0.03,0.16,0.71,0.06,0.04,0.05,0.01,0.06,0.03,0.03,,0.07,0.08,0.11,,,0.01,0.03,0.03,0.05,0.04,0.13,,0.04,,,,,0.08,,,,0.17,0.04,0.06,,,,0.05,,,,,,,,,,,,,,,0.02,,0.04,,,,0.03,,0.04,,,,,,,,,,,,,,,,,,,,,,,,,4.62,1.38,21.53,0.33,24.93,1.84,3.38,1.01,1.53,0.93,0.78,1.11,4.98,1.15,,0.62,,0.06,,,0.09,0.08,0.09,0.09,0.2,,,,0.11,0.08,,,0.06,0.02,,,,0.05,,,,,,,,,,,,,,,,,,,,,,,,,,,,,,,,,,,,,,,,,,,,,,,,,,,,,,,,,,,,,,,,,,,,,,,,,,,,,,0.02,,,,,,,,,,,,,,,,,,,,,,,,,,,,,,,,,,,,,,,,,,,,,,,,,,,,,,,,,,0.06,,,,,,,0.07,,,,,,,,,,,,,,,,,,,,,,,,,,,,,,,,,,,,,,,,,,,,,,,,
Hezeshi_371700,0.61,0.63,0.19,0.22,0.16,0.87,0.41,0.23,0.11,0.08,0.29,0.26,0.19,0.08,0.11,0.05,0.25,0.52,0.06,0.07,0.62,0.09,0.12,0.08,0.06,0.1,,0.05,0.1,0.06,,0.02,0.01,,0.06,,0.08,0.19,0.04,0.05,,,0.1,0.05,0.05,0.03,0.09,0.03,0.06,0.08,0.08,0.04,0.02,,0.02,0.01,0.03,0.04,0.07,0.13,0.08,,0.03,,0.07,,0.03,,0.1,0.02,,0.18,0.24,0.14,0.17,1.76,0.11,0.28,0.19,0.54,0.19,0.21,0.16,0.06,0.15,0.29,0.07,0.14,,0.15,0.15,0.14,,0.09,0.11,,0.07,0.1,0.08,0.18,0.13,0.07,0.24,0.06,0.06,0.05,0.17,0.49,1.26,0.13,0.59,0.06,0.05,,,0.04,,,,,,0.04,0.06,0.04,,0.09,0.05,0.05,0.07,,,,0.05,6.03,2.26,1.58,2.37,1.8,2.07,2.04,16.61,3.71,1.29,1.89,2.35,1.7,3.3,0.77,,0.37,5.47,0.32,0.2,1.03,0.62,1.1,0.4,4.93,0.3,0.27,0.36,0.51,7.88,0.21,0.57,0.33,0.28,0.05,0.03,0.06,0.05,0.13,0.03,0.14,0.04,0.07,0.07,0.04,0.12,,0.06,0.06,0.03,,0.02,,,0.03,,0.03,0.04,,0.02,,,,,0.05,,,,,,,,,0.01,,,0.02,,,,,,,,,0.04,,,0.07,0.02,,0.06,,,,,,,,,0.04,,,0.03,,0.04,0.01,,,0.01,,,0.01,0.06,,,,,,,,0.01,,0.04,,0.02,,0.01,0.01,0.02,,,,,,0.01,0.01,,,,,0.02,,,,,,,,,0.07,,,,,,,,,,,,,0.03,,,0.07,0.07,,0.03,0.01,,,0.09,0.22,0.29,0.19,0.95,0.37,0.17,0.1,0.12,0.28,0.06,0.04,,,0.11,0.05,0.05,,,0.07,0.02,0.06,,,0.08,0.02,,0.05,0.01,,0.09,0.07,0.05,,,0.09,0.09,0.06,,0.02,0.17,0.01,,0.13,0.06,,0.2,0.04,,0.0,0.03,0.02,0.05,0.05,,0.03
Zhengzhoushi_410100,0.99,0.63,0.59,0.27,0.26,1.63,0.66,0.66,0.33,0.12,0.32,0.2,0.17,0.38,0.16,0.29,1.34,3.64,0.07,0.26,1.78,0.2,0.89,0.18,0.22,0.41,0.05,0.16,0.08,0.18,0.15,0.05,0.11,0.1,0.13,0.11,0.26,0.66,0.13,0.11,0.15,0.1,0.23,0.04,0.05,0.06,0.13,0.04,0.07,0.17,0.19,0.11,0.11,0.07,0.09,,0.01,0.06,0.25,0.41,0.18,0.03,0.03,0.01,0.09,0.14,0.06,,0.1,,0.04,,0.49,0.26,0.18,0.63,0.15,0.29,0.29,0.33,0.26,0.29,0.2,0.14,0.14,0.21,0.25,0.24,0.33,0.15,0.17,0.1,0.24,0.11,0.09,0.17,0.1,0.21,0.24,0.23,0.16,0.11,0.26,0.09,0.22,0.16,0.2,0.73,0.28,0.16,0.85,0.06,0.08,0.17,0.07,0.05,0.03,0.16,0.08,0.1,0.06,0.14,0.1,0.09,0.06,0.1,0.05,0.06,0.17,0.11,0.1,0.1,0.1,0.25,0.26,0.17,0.38,0.09,0.22,0.32,0.5,0.19,0.31,0.24,0.38,0.29,0.59,0.17,2.21,,46.47,24.79,24.23,15.04,15.55,30.84,29.15,11.32,34.28,14.97,15.98,19.51,23.13,13.92,27.76,19.42,16.74,0.38,0.13,0.67,0.3,0.62,0.1,0.31,0.19,0.21,0.15,0.33,0.4,0.17,0.11,0.03,0.19,0.06,0.14,0.07,0.07,0.16,0.1,0.12,0.09,0.1,0.04,0.1,0.07,0.09,0.07,0.17,0.08,0.09,0.11,0.08,0.07,0.05,0.05,0.19,0.05,0.04,0.05,0.04,0.05,,0.03,0.03,0.02,0.03,0.12,0.07,0.05,0.11,0.07,0.38,0.04,0.17,0.06,0.05,0.02,0.06,0.05,0.1,0.04,0.02,0.04,0.14,0.24,1.17,0.1,0.13,0.08,0.14,0.04,0.04,0.04,0.1,0.14,0.07,0.15,0.02,0.17,0.1,0.25,0.02,0.26,0.08,0.02,0.07,0.02,0.02,0.09,0.17,0.04,0.01,0.04,0.07,0.01,0.05,0.05,0.07,0.06,0.05,0.01,0.02,0.03,0.11,0.11,0.06,0.11,0.03,0.03,0.08,0.06,0.08,0.06,0.22,0.11,0.03,0.11,,0.15,0.21,0.36,0.12,0.16,0.06,0.29,0.12,0.11,0.03,,0.47,0.07,0.09,0.15,0.07,0.02,,1.04,1.1,0.87,0.63,2.41,0.41,0.71,0.33,0.74,1.03,0.26,0.04,0.13,0.08,0.36,0.11,0.21,0.1,0.19,0.32,0.11,0.13,0.1,0.05,0.29,0.07,0.07,,0.03,0.06,0.09,0.28,0.2,0.29,0.02,0.23,0.09,0.28,0.1,0.13,0.39,0.03,0.13,0.61,0.3,0.02,0.92,0.32,0.21,0.07,0.07,0.05,0.19,0.2,,0.03
Kaifengshi_410200,0.12,0.15,0.07,0.07,0.08,0.22,0.11,0.14,,,0.08,0.06,0.1,0.04,0.02,0.09,0.16,0.62,0.03,0.02,0.23,0.02,0.06,0.02,0.04,0.04,0.02,,,0.04,,0.02,,,,,,,0.04,,0.06,0.04,0.05,,,,,0.03,,,,,,0.04,0.02,,,,0.05,,,,,,,,0.02,0.04,,,,,0.11,0.06,0.07,0.22,0.09,0.18,0.08,0.13,0.06,0.11,0.06,0.06,0.05,0.11,0.07,0.13,,0.14,0.09,0.08,0.1,0.06,0.19,0.09,0.04,0.06,0.12,0.07,0.08,0.03,0.06,,0.05,0.04,0.09,0.14,0.1,0.04,0.24,,0.05,0.04,,,,,,,,,,,,,,,,0.09,,,,0.09,0.11,0.03,0.11,0.08,0.09,0.11,0.25,0.12,0.1,0.07,0.15,0.08,0.26,0.04,4.26,12.16,,3.04,1.68,1.4,1.36,4.54,2.49,2.5,6.37,1.57,2.16,1.96,9.03,1.68,5.13,1.61,1.35,0.06,,0.08,0.13,0.13,,0.06,0.07,,0.04,0.04,0.17,,0.02,0.03,0.05,,,,,,,,0.04,,,,,,,,,,,,,,,,,,,,,,0.03,,,,,,,,,,,,0.05,,,,,,,,,,,,,0.02,,,0.03,,,,0.02,0.01,,,,,,0.02,,,0.0,,,,,0.03,,,0.01,,,,,,,,,0.01,,,,,0.02,,,,,,,0.04,,,,,,0.03,,0.03,,,,,,,,0.09,,0.06,0.03,,,,,0.07,0.19,0.11,0.25,0.17,0.17,0.08,,0.18,0.03,0.03,0.03,,0.14,0.02,0.03,0.02,,,,0.05,,0.01,0.09,0.0,,0.02,,,0.39,0.05,,0.08,,,,0.04,0.07,0.04,0.07,,0.02,0.15,0.06,,0.12,0.11,0.03,0.01,0.01,0.02,0.04,,,0.03
Luoyangshi_410300,0.15,0.21,0.1,0.11,,0.36,0.1,0.12,,0.06,0.09,0.05,0.06,0.06,0.05,0.07,0.38,1.06,0.04,0.07,1.22,0.08,0.52,0.07,0.05,0.11,0.12,0.05,,0.06,,,0.01,,0.02,0.19,0.06,0.18,,0.04,0.06,,0.04,0.02,,,,,0.04,0.04,0.06,,0.02,,,0.01,,,,0.15,,0.06,,0.03,,,,,,0.02,,,0.13,0.09,0.11,0.22,0.12,0.2,0.11,0.19,0.06,0.11,0.06,0.08,0.13,0.09,0.06,0.15,,0.11,0.08,0.07,,0.13,0.08,0.12,0.06,0.05,0.09,0.09,0.03,0.03,0.04,,0.05,,0.07,0.14,0.08,0.07,0.21,0.04,0.1,,,0.05,0.09,,0.04,0.09,,0.12,,,,,0.03,,,0.07,,,,0.06,0.06,0.04,0.07,0.1,0.09,0.08,0.15,0.08,0.07,0.03,0.11,0.04,0.09,0.06,0.29,5.26,1.29,,7.8,1.1,0.91,2.65,4.62,0.91,1.4,1.21,17.39,4.43,1.17,2.08,0.92,1.47,16.21,0.07,0.04,0.28,0.05,0.35,0.02,0.12,0.04,0.05,0.05,0.1,0.12,0.11,0.04,0.03,0.03,0.06,0.02,0.02,0.02,,,0.03,0.05,,,,,0.06,,0.03,,,,0.02,,,,,,,0.02,,,,0.03,,,,,0.07,,,0.02,0.07,,,0.05,0.03,0.01,0.01,0.02,0.02,,0.01,0.02,,0.09,,0.01,,,,0.05,,0.01,,,0.03,,,,0.03,,,0.12,0.02,,0.03,0.01,0.01,0.02,0.05,,0.02,,0.01,0.01,0.02,0.01,0.03,0.0,0.03,,0.01,0.02,0.03,,,,,0.01,,,,,,,,0.02,,0.06,,,0.04,,,,,,,,0.11,0.02,0.06,0.09,,0.02,,0.35,0.07,0.67,0.32,1.05,1.31,,0.35,0.3,0.75,0.11,,0.09,0.01,0.14,0.09,0.03,0.15,0.02,0.21,0.04,0.06,,0.01,0.08,0.02,0.01,,0.01,,,,0.07,0.14,,0.06,,0.06,0.01,0.06,0.26,0.01,,0.08,0.03,0.02,0.05,0.04,0.01,0.04,,,0.02,,,
Pingdingshanshi_410400,0.08,0.1,,0.07,,0.1,0.08,0.07,0.05,,,,,0.03,,0.05,0.19,0.29,0.03,0.04,0.6,0.03,0.31,0.05,0.03,,,,,0.05,,,,,0.02,,,,,,,,0.04,,0.03,,,,,,,,,,,0.05,,,,,,,,,,,,,,,,,,0.05,0.07,0.09,0.07,0.22,0.1,0.1,0.05,0.05,0.04,0.06,0.04,0.03,0.05,0.1,,,0.06,0.12,,,0.06,0.13,,,0.03,0.04,0.04,0.04,,,,0.07,0.04,0.23,0.03,0.08,0.14,,0.02,0.04,,,,0.05,,,,0.12,,0.05,,,,0.03,,,,,,0.03,,0.02,0.03,,,0.05,0.06,0.03,,0.05,,0.04,0.05,0.02,0.14,5.6,1.37,8.5,,0.52,0.42,1.74,1.56,0.5,16.13,12.93,1.99,8.08,0.97,1.87,2.1,4.0,1.8,0.06,,0.14,0.07,0.32,,0.1,0.06,0.06,0.07,0.05,0.17,,0.07,0.02,0.11,,,,0.02,,0.05,0.05,0.05,,0.03,,0.04,0.05,,,,0.04,,,0.03,,,,0.05,,,0.1,0.04,,,,,,,0.04,,,,,,,,,,,,,,,,,,,,,,,,,0.01,,,0.01,,,,,,,,,,,,,0.02,,,,,,,,,,,0.02,0.01,,,,,,,,,0.04,,,,,,,,0.02,,,,,,,0.05,,,,,0.08,0.02,0.06,0.03,,,,0.11,,,0.21,0.27,0.37,0.12,0.11,0.3,0.09,,,,,,0.03,0.25,0.03,0.03,,0.01,,,0.04,,,,,,0.06,,0.03,0.03,0.07,,,,,,0.06,0.12,,,0.04,,,,,,,,0.03,0.04,,,
Anyangshi_410500,0.49,0.52,0.32,0.26,0.1,8.74,0.58,0.33,0.18,0.12,0.21,0.16,0.2,0.39,0.18,1.05,5.47,3.11,0.04,0.31,0.62,0.11,0.63,0.28,0.03,0.05,0.03,0.06,0.05,0.08,,,0.15,0.08,0.04,,0.05,,0.03,,,,,0.03,0.06,,0.03,0.01,0.02,0.09,,,0.05,,,,0.01,,,,,,,,0.02,,,,,,0.02,,0.08,0.06,0.1,0.14,0.07,0.11,0.07,0.12,0.05,0.09,0.05,0.04,0.15,0.06,,,,0.08,,0.06,,,,,,0.03,0.04,0.07,0.05,0.02,0.04,,,,0.08,0.09,0.07,0.05,0.08,,,,,,,,,,,0.08,,,,,,,,0.18,,,,0.14,0.15,0.09,0.06,0.1,0.1,0.18,0.25,0.11,0.19,0.11,0.1,0.14,0.6,0.16,0.68,5.12,1.68,2.77,0.85,,45.47,11.79,2.91,22.15,0.8,0.47,2.2,1.07,0.87,1.36,0.6,0.65,1.32,0.06,0.03,0.08,0.08,0.06,0.02,0.08,0.04,0.04,,,0.04,,0.03,0.02,0.04,,,0.03,0.02,,,,,,,,,,,,,,,,,,,,0.01,,,,,,,,,,,,,,,,0.02,,0.05,,,,,,0.01,,,,,,,,0.05,,,,,,,0.01,,,0.03,0.02,,,,,,,0.01,0.0,,0.03,,,0.03,,,,,,,,,,,,,,,,,,,,,,,,,,,0.01,,,0.04,0.02,0.11,,,,,0.08,,,,,,,0.06,0.51,0.19,0.14,0.35,0.2,0.23,0.23,0.21,0.75,0.04,,,0.01,0.07,0.03,0.03,,,0.08,,0.03,0.02,0.01,0.04,0.0,,,,,0.09,0.07,,0.07,,,0.04,,0.01,0.1,0.12,0.01,,0.03,0.02,,0.06,,,,,0.01,,,,
Hebishi_410600,0.08,0.12,0.05,,,0.44,0.16,0.08,,,,0.05,,,,0.14,0.28,0.17,,0.03,,0.02,0.06,0.03,,,0.04,,,,,,,,,,,,,,,,,,,,,,,,,,,,,,,,,,,,,,,,,,,,,,,,,,,,,,,,,,0.05,,,,,,,,,,,,,,,,,,,,,,,,,,,,,,,,,,,,,,,,,,,,,,,,,,,,0.03,,,0.05,,0.03,,,,0.03,0.11,0.02,0.16,1.76,0.46,0.75,0.26,15.94,,4.03,0.9,3.65,0.31,0.17,0.2,0.38,0.25,0.45,0.17,0.23,0.47,,,,,,,,,,,,,,,,0.02,,,,,,,,,,,,,,,,,,,,,,,,,,,,,,,,,,,,,,,,,,,,,,,,,,,,,,,,,,,,,,,,,,,,,,,,,,,,,,,,,,,,,,,,,,,,,,,,,,,,,,,,,,,,,,,,,,,,,,,,,,,,,,,,,,,,,,,,,,,,,,,,,,,,,,,,,,,,,,,,,,,0.02,0.03,,,,,,,,,,,,,,,
Xinxiangshi_410700,0.2,0.24,0.18,0.19,0.1,0.82,0.32,0.23,0.07,0.08,0.18,0.07,0.13,0.1,0.1,0.17,0.85,2.96,0.15,0.14,0.53,0.09,0.35,0.11,0.03,0.09,0.08,0.08,0.1,0.07,,0.02,0.02,0.02,0.05,0.05,0.07,,0.03,0.03,0.06,,0.08,0.05,,,0.03,,,0.07,0.06,,0.02,,0.04,,,0.07,0.11,0.12,,0.06,0.03,0.01,,,,,0.06,0.02,,,0.09,0.08,0.08,0.19,0.09,0.11,0.14,0.15,0.06,0.1,0.07,0.03,0.1,0.08,0.05,,,0.11,0.1,,,0.09,0.22,,0.04,0.06,0.05,0.09,0.08,0.05,0.08,,0.05,0.05,0.07,0.13,0.04,0.06,0.09,0.03,0.05,,,,,,,,,,,,,0.1,,,,0.13,,,0.05,0.08,0.09,0.09,0.09,0.16,0.14,0.14,0.21,0.1,0.08,0.15,0.12,0.14,0.39,0.11,1.35,11.35,5.4,3.89,1.67,13.89,13.58,,16.62,5.91,1.87,1.3,1.94,1.9,1.85,2.13,1.23,1.26,4.18,0.09,0.03,0.13,0.11,0.15,0.06,,0.05,0.06,0.06,0.06,0.17,,0.02,0.02,0.05,0.32,,,0.02,,0.03,0.05,0.04,,0.03,0.05,,,,0.04,,,,,,,,0.04,0.01,,,,0.03,,,,,,,0.05,,,,,0.02,0.05,0.08,,,,,0.02,0.02,0.01,,0.02,,,,0.04,0.04,0.02,0.02,,,,0.01,,,0.04,,,,,0.07,0.01,,,,,0.04,0.04,0.01,,0.02,0.01,,,,0.02,,,0.0,0.0,,,,0.03,,0.01,,,,,,0.05,0.02,,0.07,0.02,,0.01,0.05,0.03,,0.04,0.05,0.05,0.03,,,0.08,,0.09,,0.05,,,0.06,0.14,0.48,0.34,0.59,0.62,0.15,0.24,0.46,0.56,0.04,0.01,,0.05,0.06,,0.07,0.13,0.04,0.08,0.02,,0.06,,0.07,0.04,0.03,,0.04,,0.39,0.09,0.05,0.14,,0.01,0.03,0.04,0.02,0.06,0.19,0.03,,0.08,0.05,,0.03,0.04,0.01,0.01,0.01,0.01,,,0.03,
Jiaozuoshi_410800,0.09,,0.06,,,0.22,0.08,0.05,,,0.08,,0.03,0.07,0.04,0.06,0.57,4.4,,0.11,0.63,0.03,0.44,0.05,0.03,0.04,,,,0.04,,0.03,0.02,,,,,,0.03,,0.04,,,,,,,,,0.05,,,,,,,,,,,,,,,,,0.02,,,,,,,,,0.08,,,0.06,0.1,0.04,,,,0.04,0.04,,,,,,,,,,,,,0.04,0.06,,,0.03,,,,0.05,0.1,0.06,0.03,0.1,,0.02,,,,,,,,,,,,,,,,,,,,,,,0.06,0.03,0.04,,0.1,0.09,0.02,,0.04,0.06,0.04,0.13,0.07,0.29,6.74,1.57,4.23,1.11,1.79,1.78,10.2,,0.92,0.99,0.51,1.92,1.0,0.91,1.14,0.53,0.66,34.83,0.04,0.06,0.17,,0.12,0.02,0.06,0.02,,0.05,,0.05,,,,0.02,,,,,,,,,,,,,,,,,,,,,,,,,,,,,,,,,,,,,,,,,,0.12,0.01,0.01,,,,,0.01,,,,,,,0.03,,,,0.01,,,,,0.02,,,,,,,,0.02,,0.0,,,,0.01,,,0.01,,,0.02,,,,,0.03,,,,,,,,,,,,,0.01,,,0.04,,,0.03,,,,,,,,,,,,,,,0.14,0.07,0.24,0.14,0.44,0.37,0.17,0.24,,0.18,,,0.03,0.04,,,,,0.04,,,,,,,,,,,,,0.04,,0.03,0.01,,0.03,0.04,0.03,0.08,0.21,0.01,0.02,0.07,,,,0.04,,0.0,,,0.02,,0.03,
Puyangshi_410900,0.36,0.42,0.12,0.11,,3.06,0.18,0.22,,0.06,0.2,0.16,0.13,0.05,,0.08,0.36,0.23,0.01,0.05,0.12,0.03,0.1,0.05,,0.06,0.03,,0.03,0.05,0.11,,0.04,,,0.04,,,,0.04,,0.04,,0.03,,,0.03,,,,,,,,,,0.01,,,,,0.09,,0.01,,,,,0.04,,,,,0.05,0.05,0.12,,0.1,,0.1,0.04,0.06,,,0.06,0.03,,,,0.07,,,,,0.07,,,,,,0.1,,0.04,0.04,0.03,,0.05,0.04,0.04,0.05,0.06,,0.03,,,,,,,,,,,,,,,,,,,,,0.28,0.27,0.18,0.11,0.31,0.18,0.23,0.64,0.34,0.22,0.12,0.13,0.29,13.61,0.13,3.41,2.4,1.16,1.63,0.49,14.93,5.32,3.0,1.32,,0.33,0.36,1.11,0.78,0.66,0.91,0.45,0.33,0.52,,,,,,,,,,,0.04,,,,0.04,,,,,,,,,,,,,,,,,,,,,,,,,,,,,,,,,,,,,0.01,,0.01,,,0.06,0.06,,,,,,,0.01,0.01,,,,0.01,,,0.03,0.02,,,,,,,,,0.04,,,,,,,0.04,0.02,,,,,,,,,,0.15,,0.03,,,0.04,0.02,,,,,,,,,,,,0.02,,,,0.03,,,,,,,,,,,,,,,,,,,,0.09,,0.27,,0.17,,,,,0.01,,,,,0.03,0.03,0.05,,,,,,,,,,,,0.03,,0.08,0.05,,0.01,,,0.04,0.1,,,0.15,0.03,,0.03,,,,,,0.02,,,
Xuchangshi_411000,0.1,,0.09,,,0.2,0.15,0.08,0.05,,0.06,,0.05,0.02,,,0.11,0.35,,0.03,0.43,,0.14,0.04,,0.06,,,,0.03,,,,,,0.02,,,,0.02,,,0.04,,,,,,0.01,,,,,,,,,,0.05,,0.03,,,,,,,,,,,,,0.04,0.07,0.09,0.05,0.08,,0.12,,0.03,0.04,0.06,0.04,0.05,,,,,,,,,,0.16,,0.03,0.05,0.03,,,0.05,0.02,,0.04,0.09,0.19,0.08,0.03,0.28,,,,0.02,0.04,,,0.02,,,,,,,,,,,0.06,,,,0.03,,0.02,,0.03,0.04,0.07,0.07,0.05,0.09,0.06,0.07,0.04,0.1,0.03,0.24,7.85,5.22,2.44,19.26,0.81,0.73,2.1,1.71,0.59,,17.72,1.47,2.58,1.73,1.94,6.07,2.34,1.26,0.07,0.03,0.12,0.05,0.19,,0.05,0.04,,,0.05,0.13,,0.05,0.03,0.03,,,0.03,0.01,,0.03,,0.12,,,,,,,,,,,,,,,,,,,,,,,,,,,,0.01,,,,,,,,,,,,,0.02,,,,,0.02,,,,,0.04,,,,,,,,,,,,,,,,,,,,,,,,,,0.02,,,,,,,,,,,,0.05,,,0.02,,0.03,,,,,,,0.03,,,,0.03,,0.03,,0.07,0.02,,,,,,,0.07,0.21,0.24,0.4,0.13,0.23,0.13,0.12,,,,0.05,,0.11,0.04,0.05,0.06,,,,,0.03,,0.05,0.01,0.03,,,,,0.04,,0.05,0.02,0.01,,0.04,0.05,,0.08,,0.02,0.05,0.09,0.02,0.03,0.09,0.04,0.01,,,0.05,0.05,0.03,
Taheshi_411100,,,,,,0.08,0.07,0.06,0.03,,,,,,,,,0.14,,,0.17,,,,,,,0.07,,,,,0.02,,,,,,,,,,,,,0.01,,,,,,,,,,,,0.02,,,,,0.03,,,,,,,,,,,,,,0.03,,,,0.04,,,0.03,,0.03,,,,,0.08,,,,,,,,0.04,0.03,0.03,0.03,0.03,,,0.07,0.04,0.15,0.02,,0.15,0.02,0.05,,,,,,,,,0.06,,,,,,,,,,,,,,,,,,0.05,,,,0.02,,,,,0.11,2.76,0.9,1.27,9.98,0.4,0.45,0.93,0.8,0.38,12.83,,0.93,1.74,0.71,1.74,7.82,11.62,0.62,0.09,0.04,0.08,,0.17,0.04,0.04,0.06,0.05,0.06,,0.1,,0.05,,0.05,,,,,,,0.03,,,,,,,,,,,,,,,,,,,,,,,,0.02,,0.02,,,,,,,,,,,,,,0.03,,,,,,,,,,,,,,,,0.01,,,,,,,,,,,,,,,,,,,,,,,,0.02,,,,,,,,,,,,,,,,,0.02,,,0.03,0.01,,,0.03,,,,,,,,0.03,,,,,0.06,,,,0.23,,,,,0.28,,,,,,,,0.02,0.06,,,,,,,,,,0.01,,0.09,,,0.06,,0.01,,,0.07,,,,,0.05,0.05,0.04,,0.06,0.01,0.01,0.03,,,,,
Sanmenxiashi_411200,,,,,,,0.04,,,,,,,,,,0.03,0.19,,,7.7,0.02,0.44,0.04,,,0.02,,,,,0.03,,,,,,,,,,,,,,0.02,,,,,,,,,,,,,,,,0.09,,,,,,,,,,,,,,,,0.07,,,,,0.04,,,,,,,,,,,,,,,,,,,,,,,,,,,,,,,,,,,,,,,,,,,,,,,,,,,,,,,,,,0.03,,,,,,0.05,,0.06,0.96,0.3,4.25,0.5,0.24,0.12,0.66,0.59,0.17,0.27,0.13,,1.34,0.23,0.53,0.09,0.21,1.51,,,0.26,,0.13,,0.04,,,,,,,,,,,,,,,,,,,,,,,,,,,,,,,,,,,,,,,,,,,,,,,,,,,,,,,,,,,,,,,,,,,,,,,,,,,,,,,,,,,,0.01,,0.03,0.01,,0.02,,,,,0.03,,,0.0,,0.03,,,,,,,,,,,,,,,,,,,,,,,,,,,,,,,,,,0.75,1.33,0.67,0.5,4.76,0.62,0.33,0.39,0.3,3.38,0.05,,,0.03,0.21,0.03,,0.18,0.05,0.27,0.06,0.13,0.02,0.04,0.05,,0.03,,,,,0.1,,0.1,0.02,0.02,0.04,,,0.08,0.08,,,0.04,,,,,,0.0,0.01,,,,,
Nanyangshi_411300,0.21,0.25,0.1,0.07,0.07,0.18,0.12,0.13,0.06,0.04,0.11,0.13,0.05,0.06,0.06,0.12,0.18,0.47,,0.08,0.98,0.04,0.45,0.07,0.08,0.07,0.04,,0.04,0.06,0.05,0.07,0.04,,0.04,,0.07,0.15,0.03,0.07,0.03,0.09,0.12,,0.08,,0.06,0.03,,0.05,0.08,,0.02,,0.02,,0.01,0.03,0.14,0.15,0.06,,,,,,,,,0.02,,,0.13,0.06,0.13,0.14,0.09,0.21,0.17,0.15,0.1,0.08,0.08,0.07,0.05,0.07,0.19,0.21,0.27,0.18,0.19,0.17,0.22,0.1,0.12,0.15,,0.06,0.09,0.12,0.08,0.06,0.04,0.04,0.06,0.08,0.05,0.19,0.05,0.09,0.18,0.02,0.09,0.05,0.05,,0.04,0.07,0.04,,0.03,0.08,0.05,,0.04,0.1,0.04,0.04,0.09,0.09,0.06,0.06,0.06,0.06,0.1,0.05,0.04,0.13,0.12,0.07,0.12,0.07,0.26,0.05,0.16,0.06,0.16,0.07,0.31,5.08,1.11,5.44,9.33,0.88,0.84,2.93,2.29,0.9,2.31,2.6,6.88,,0.91,6.43,1.29,8.46,1.51,0.31,0.11,8.81,0.59,10.94,0.12,1.2,0.27,0.28,0.16,0.13,3.15,0.17,0.27,0.21,0.19,0.45,0.04,0.04,0.03,,0.05,0.08,0.18,0.08,0.04,0.03,0.08,0.07,0.03,0.08,0.05,0.07,0.08,0.04,0.44,0.05,0.05,,,0.11,0.08,0.03,0.03,0.06,,0.05,0.12,0.04,0.03,0.11,,,,0.13,0.02,0.04,,0.03,,,,0.1,0.02,0.03,,0.04,0.04,,0.04,0.04,,0.01,,,0.06,,0.01,,,,,,,,0.13,0.02,0.02,0.01,,0.01,0.05,,0.01,,0.01,0.04,0.01,0.03,0.02,0.07,0.04,0.02,0.01,,0.01,0.02,0.02,,,0.01,,0.03,0.02,,0.02,,0.04,,,0.04,,,0.05,0.03,,,,0.03,0.07,,,0.08,0.02,0.03,0.12,0.01,0.02,,1.5,1.84,1.37,2.02,0.88,1.0,0.61,0.84,1.88,15.91,0.15,0.03,0.15,0.08,0.22,0.11,0.21,0.1,0.04,0.21,0.05,0.05,0.04,0.01,0.12,0.04,0.01,0.07,,0.06,0.29,0.15,0.08,0.2,0.21,0.16,0.29,0.08,0.02,0.19,0.19,0.01,0.06,0.15,0.16,0.02,0.2,0.06,0.03,0.02,0.03,,0.05,,,
Shangqiushi_411400,0.25,0.29,0.11,0.08,0.09,0.22,0.13,0.14,0.06,0.04,0.12,0.1,0.08,0.08,0.05,0.1,0.29,0.75,0.02,0.08,0.59,0.07,0.24,0.05,0.04,0.07,0.01,0.08,0.03,0.08,,0.08,,,0.05,,0.04,0.13,0.05,0.06,0.03,,0.06,,,,0.03,,,0.08,0.08,,,0.01,,0.03,,0.02,,0.09,0.04,,,,,,,,,,,,0.33,0.25,0.31,1.67,0.28,0.58,0.63,0.38,0.32,0.29,0.22,0.2,0.28,0.35,0.22,0.86,0.25,0.48,0.24,0.26,0.56,0.16,0.38,0.63,0.09,0.16,0.13,0.38,0.22,0.11,4.83,0.04,0.1,0.09,0.24,0.83,4.07,0.22,8.24,0.1,0.18,0.04,,,0.03,,,0.03,0.03,,,0.1,,0.09,,0.06,,,,,0.05,0.15,0.2,0.13,0.31,0.1,0.17,0.19,0.53,0.16,0.29,0.1,0.32,0.12,0.33,0.05,6.01,6.08,8.99,3.38,1.57,0.91,0.83,2.55,2.64,1.38,1.56,1.21,2.56,1.89,,2.09,9.92,1.38,1.25,0.08,0.04,0.07,0.09,0.16,0.05,0.04,0.06,0.05,0.06,0.06,0.1,,,,0.05,,,,0.02,,,0.04,,,,,0.04,,,,,,,,,,,,,,,,,0.02,,0.02,,,,,,,,0.07,,0.04,,,,0.01,,,,0.02,,,,,,,0.02,,,,0.01,,0.04,0.03,,,0.04,,0.02,,,,,,,0.01,0.02,0.02,0.01,,,0.02,0.01,,,,,0.03,0.0,0.01,,,,,0.02,0.01,,0.03,,,,0.05,0.04,0.02,,,0.05,,,,,0.02,,,,,,0.22,0.02,0.03,,0.09,0.02,,0.17,0.51,0.33,0.58,0.46,0.41,0.17,0.06,0.4,0.47,0.04,,0.05,0.07,0.04,0.03,0.07,,0.07,0.13,0.03,,,0.08,0.09,0.0,,,,,,0.14,0.05,0.12,,0.02,0.03,0.08,0.05,0.17,0.16,0.03,0.02,0.07,0.12,,0.25,0.32,0.02,0.07,,0.05,0.07,0.3,0.03,
Xinyangshi_411500,0.24,0.19,0.05,0.06,0.09,0.1,0.11,0.12,0.07,,0.06,0.07,0.03,0.03,,0.12,0.08,0.17,,0.04,0.09,,,,0.03,,,,,,,,,,,,0.04,0.16,,0.06,0.09,,,,,,0.05,,0.01,,0.06,0.05,,,,,,0.02,,,0.05,,,,,,,,,,,,0.31,0.21,0.31,0.21,0.22,0.41,0.17,0.06,0.07,0.08,0.06,0.11,0.09,0.09,0.43,0.3,0.33,0.43,0.41,0.27,0.32,0.1,0.18,0.16,0.17,0.4,0.14,0.18,0.2,0.07,0.13,0.02,0.14,0.08,0.14,3.33,0.07,5.63,0.3,0.06,0.15,0.05,0.02,0.04,0.03,0.05,0.02,,,,0.09,0.19,,0.2,0.03,,0.12,0.09,0.08,0.08,0.08,0.05,0.07,0.03,0.03,0.03,0.08,,0.07,0.04,0.07,0.05,0.11,0.04,0.07,0.02,0.17,2.79,0.84,2.62,1.37,0.61,0.46,1.76,1.97,0.77,1.19,1.66,2.67,4.8,0.9,,1.4,14.59,0.62,0.97,0.23,0.37,0.27,0.55,0.29,0.24,1.1,0.13,1.29,0.28,4.16,0.12,0.17,0.07,0.17,0.13,0.05,0.03,0.04,0.07,0.03,0.13,0.04,,,0.03,,0.08,,,0.04,0.05,0.05,0.06,0.04,0.03,0.01,,,0.03,0.08,,,0.13,,0.03,0.07,0.05,,,0.04,,,0.09,,0.09,,,,0.01,0.02,0.04,0.01,,,0.02,,,,,,,,,,,,0.01,,,,,,,,0.01,,0.01,,,0.03,,0.01,,0.01,,0.01,,,,,0.05,,,,,,,,,,,,,,,,,0.02,,,,,,,,,,,,,,0.02,0.06,,,0.05,,0.12,0.44,0.19,0.31,0.27,0.1,,,0.49,0.37,0.03,,0.05,,0.08,,,,,,,,0.02,,,,,,0.01,,,0.03,,0.05,,0.03,0.01,0.03,,0.04,,,,,,,,,,,,0.01,,0.05,0.01,
Zhoukoushi_411600,0.3,0.35,0.12,0.22,0.11,0.18,0.11,0.18,0.03,0.04,0.12,0.17,0.08,0.13,0.04,0.08,0.22,0.91,0.02,0.08,0.33,0.03,0.22,0.02,0.06,,0.03,,,0.03,0.05,,0.03,0.01,0.04,,0.08,0.29,0.05,0.03,0.13,,0.05,,,,,,,0.05,0.08,,,0.06,0.02,,,,,0.1,,,,,,,,,,0.05,,,0.3,0.15,0.23,0.37,0.2,0.31,0.25,0.14,0.11,0.1,0.05,0.18,0.11,0.09,0.23,0.45,0.55,0.51,0.25,0.36,0.55,0.24,0.26,0.45,0.12,0.13,0.1,0.16,0.11,0.05,0.19,0.02,0.07,,0.13,7.14,0.17,0.13,6.47,,0.11,0.04,0.06,0.06,0.03,0.09,0.06,,0.04,0.09,0.04,0.04,,0.06,0.04,0.07,,0.15,,,,0.11,0.15,0.11,0.08,0.08,0.26,0.13,0.16,0.07,0.56,0.1,0.15,0.06,0.15,0.08,0.63,7.04,5.3,3.86,2.97,0.86,0.8,2.62,2.59,1.45,7.18,14.63,2.39,2.68,11.59,3.65,,8.15,0.68,0.11,0.12,0.12,0.11,0.15,0.03,0.1,0.08,0.06,0.1,0.2,0.14,,0.11,0.03,0.06,,,0.04,,,,,,0.04,,0.05,,,,,0.03,,0.04,0.02,0.03,,,0.04,,,0.05,0.02,0.05,0.03,,0.03,0.04,0.02,,0.04,,,,,,,,,0.02,,,,,,,0.02,,,,0.04,,,,,,,,0.01,,,,,,,,,,,,,0.02,,,,,,,,,0.02,,,0.0,,,,,,,,,,,,,,,0.03,,,0.04,,,,,,0.08,,,,0.06,0.15,0.04,,,0.05,0.02,,,0.36,0.26,0.37,0.69,,0.2,0.09,0.21,1.31,0.03,0.01,0.07,0.02,,,,0.07,,0.14,,,,,0.05,0.01,0.01,,,0.06,,0.06,0.08,0.12,0.02,0.01,,0.14,0.14,0.08,0.14,0.03,0.04,0.23,0.09,0.02,0.27,,0.17,0.05,0.03,0.01,0.04,0.05,0.04,
Zhumadianshi_411700,0.21,0.27,0.13,0.13,,0.15,0.16,0.21,0.04,0.03,0.1,0.06,0.05,0.08,0.07,0.11,0.23,0.27,,0.04,0.28,0.03,0.11,,0.03,,,0.04,,0.05,,,,,,,,0.15,,,,0.05,0.04,,,0.01,,,,,,,,,0.03,,,0.02,,,0.05,,,,,0.07,,,,,,,0.2,0.09,0.13,0.2,0.12,0.21,0.15,0.09,0.1,0.09,0.06,0.06,0.1,0.08,0.13,0.25,0.24,0.22,0.22,0.22,0.21,,0.28,0.38,0.11,0.09,0.07,0.1,0.08,0.02,0.06,0.06,0.05,0.08,0.08,3.8,0.05,0.11,0.25,0.02,0.05,0.05,0.02,0.04,,0.09,0.05,0.04,0.03,0.08,0.09,0.08,0.04,0.1,,0.05,0.08,0.28,0.05,,0.08,0.06,0.11,0.04,,0.04,0.05,0.17,0.09,0.06,0.07,0.05,0.07,0.06,0.13,0.03,0.25,4.59,1.25,3.43,4.42,0.72,0.71,2.14,2.08,1.08,2.32,18.97,3.77,8.22,1.16,15.99,7.51,,0.71,0.31,0.16,0.21,0.15,0.39,0.09,0.21,0.29,0.11,0.22,0.2,0.5,0.06,0.12,0.09,0.18,0.06,0.04,,,0.08,0.03,0.08,0.07,,0.02,0.06,,0.07,0.02,,0.08,0.13,0.09,0.05,0.05,0.06,0.04,,,0.04,0.2,,0.06,0.06,0.06,0.04,0.17,0.12,0.03,0.06,0.01,0.02,,0.09,0.03,,0.05,0.02,0.01,,,0.01,,0.03,,0.01,0.07,,,,,,,0.04,,,,,,0.02,,0.03,0.02,,,,,0.01,,0.0,0.02,,,,,0.01,0.0,,0.02,,,,0.0,,0.01,,,0.02,,,,,,,,,0.02,0.01,0.02,,,,,0.04,,,,,,,0.03,0.08,,,0.03,0.05,,,0.09,0.07,0.14,0.31,0.59,,0.38,,0.27,,0.08,,,0.03,0.05,,0.05,,,,0.01,,0.04,,0.1,,,0.02,,,,0.06,0.04,0.13,0.01,0.03,,0.1,0.03,0.02,0.05,,,0.13,0.06,0.02,0.11,0.06,,0.03,0.01,0.01,0.02,,,
Jiyuanshi_419001,,,,,,,,,0.05,,,,,,,,0.21,1.03,,0.05,0.99,,0.32,,,,,,,,,0.02,,,,,,,,,,,,,,,,,,,,,,,,,,,,,,,,,,,,,,,,,,,,,,,,,,,,,,,,,,,,,,,,,,,,,,,,,,,,,,,,,,,,,,,,,,,,,,,,,,,,,,,,,,,,,,,,,,,,,,0.68,0.15,2.71,0.26,0.17,0.2,0.72,6.6,0.09,0.18,0.04,0.3,0.32,0.11,0.2,0.1,0.11,,,,,,,,,,,,,,,,,,,,,,,,,,,,,,,,,,,,,,,,,,,,,,,,,,,,,,,,,,,,,,,,,,,,,,,,,,,,,,,,0.01,,,,,,0.02,,,,,,,,,,,,,,,,,0.01,,,,,,,,,,,,,,,,,,,,,,,,,,,,,,,,,,,,,,,,,,0.14,0.37,,0.11,,0.09,,,,,,,,0.02,,,,,,,,,,,,,,0.05,,,,,,,,,,,,,,,,,,0.01,,,,,,
Wuhanshi_420100,0.57,0.27,0.21,0.17,0.17,0.3,0.18,0.19,0.13,0.04,0.07,0.09,0.09,0.13,0.1,0.11,0.14,0.16,0.03,0.05,0.24,0.03,0.15,0.05,0.14,0.07,0.06,0.08,,0.07,0.1,0.05,0.06,0.02,0.11,0.08,0.19,0.42,0.07,0.04,0.13,0.1,0.13,0.03,0.1,0.07,0.07,0.04,0.02,0.19,0.17,0.08,0.04,0.03,0.05,0.01,0.03,0.04,0.16,0.4,,0.09,,0.11,0.17,,0.03,,,0.18,0.04,0.09,0.72,0.42,0.24,0.29,0.21,0.28,0.25,0.17,0.16,0.19,0.21,0.15,0.19,0.07,0.38,0.39,0.56,0.16,0.16,0.08,0.36,0.41,0.36,0.41,0.28,0.53,0.43,0.22,0.2,0.26,0.21,0.31,1.25,0.56,0.23,0.52,0.11,0.63,0.21,0.47,0.23,0.34,0.12,0.18,0.27,0.19,0.13,0.2,0.13,0.26,0.84,0.66,0.55,2.6,0.49,0.4,0.46,0.39,0.43,0.56,0.45,0.15,0.21,0.06,0.09,0.07,0.17,0.11,0.13,0.07,0.35,0.15,0.16,0.06,0.12,0.05,0.3,0.38,0.29,0.43,0.45,0.26,0.35,0.25,0.26,0.16,0.41,0.54,0.5,1.13,0.35,5.09,0.46,1.47,0.14,,28.07,17.91,16.43,20.02,45.09,23.75,60.22,23.03,49.3,47.17,36.34,11.71,32.95,20.87,24.79,8.34,0.93,0.51,0.46,0.61,0.41,2.27,0.78,0.53,0.49,0.35,0.29,0.29,0.39,0.35,0.26,0.21,0.43,0.23,0.1,0.11,0.09,0.31,0.05,0.06,0.11,0.13,0.09,0.1,0.12,0.14,0.1,0.08,0.11,0.15,0.04,0.17,0.12,0.51,0.11,0.36,0.17,0.07,0.04,0.04,0.03,0.11,0.06,0.06,0.05,0.15,0.43,,0.07,0.04,0.11,0.05,0.11,0.07,0.13,,0.04,0.07,0.18,0.08,0.04,0.06,0.02,,0.68,0.13,0.03,,0.13,0.02,0.13,0.05,0.05,0.03,0.07,0.05,0.02,0.07,0.08,0.16,0.04,0.06,0.02,0.02,0.02,0.06,0.14,0.04,0.12,0.07,0.03,0.07,0.13,0.12,0.07,0.24,0.06,0.04,0.22,0.03,0.15,0.18,0.05,0.09,0.09,0.08,0.08,0.06,0.03,,,0.23,0.07,0.06,0.34,0.41,,0.2,0.19,0.14,0.43,0.09,0.42,0.17,0.4,,0.58,1.41,0.15,0.02,0.07,0.07,0.23,0.09,,0.1,0.06,0.08,0.01,0.03,0.06,0.01,0.12,0.03,,,,,,,0.1,0.05,0.03,0.03,0.02,0.16,0.06,0.13,,0.02,0.06,0.27,0.04,,0.2,0.06,0.02,0.01,0.05,0.04,0.05,0.05,0.01,
Huangshishi_420200,,,,,,0.05,,,,,,,,,,,,,,,,,,,,,,,,,,,,,,,,,,,,,,,,,,,,,,,,,,,,,,,,,,,,,,,,,,,,,,,,,,,,,,,,,0.05,,0.62,,,,0.1,0.08,,0.12,0.07,0.03,0.03,,0.03,0.06,,0.09,0.28,0.05,,,,0.06,,0.08,0.04,0.05,0.02,0.06,0.03,,,,,0.05,0.18,0.15,0.07,2.27,0.09,0.16,0.07,0.24,0.22,0.13,0.2,,,,,,,,,,,,,,,,,,,,,,0.02,,0.19,0.03,,,,0.1,,0.13,,0.09,0.05,5.0,,0.7,0.75,0.67,25.14,0.61,0.91,0.65,9.45,7.2,0.58,0.5,0.62,0.38,0.52,0.13,0.05,0.06,,0.04,,0.2,0.08,,,0.05,,,0.04,0.05,,,0.04,,,,,,0.01,,0.03,0.05,0.03,0.03,,,,0.01,,,0.01,,,,,,,,,,,,,,,,,,,,,,,0.04,,,,,,,,,,,,,,,,,,,,,,,,,,0.02,,,,,,,,,,,,,0.03,,,,,,,,,0.03,,,,,,,,,,,,,,,,,,0.14,,,,,,,0.12,,,,,,,,0.05,,,,,,,,,,,,,,,0.03,,,,,,,,,,,,,,,,,,0.0,,,,,,
Shiyanshi_420300,,,,,,,0.05,,,,,0.08,,,0.03,0.02,0.04,0.14,0.04,0.03,0.14,0.05,0.06,0.06,,,,,,,,,,,,,,,,,,,,,,,,,,,,,,,,,,,,,,,,,,,,,,,,,,,,,0.05,0.05,,,,,,,,,,,,,,,,0.1,,,,,,,,,,,,,,,,0.05,0.03,,,,,,,,,,,,,,,,,0.04,,,,,,,,,,,,,,,,,,,,,,0.03,0.03,0.11,0.12,,,,,0.04,0.04,0.04,0.3,2.51,0.05,0.06,,0.07,0.05,1.5,0.32,,1.48,16.02,0.39,1.31,0.59,0.76,0.36,0.51,1.57,0.65,0.21,0.46,0.47,15.85,,0.02,,,0.03,0.04,0.05,0.04,0.05,,,,0.02,,,,,,,,,,,,,,,,,,,,,,,,,,,,,,,,,,,,,,,,,,,,,,,,,,,0.02,,0.03,,,0.12,0.02,,0.04,,0.01,0.02,0.08,0.03,0.01,0.01,0.03,,0.01,,0.08,0.01,0.06,,0.0,,0.02,,,,,,,0.03,,,,,,,,,,,,,,,,,,,,,,,,,,0.19,1.03,0.82,0.71,0.27,0.55,0.69,,16.09,5.83,0.03,,,,0.17,,,0.06,,0.23,0.04,0.06,0.02,,,0.02,,,0.01,,,0.06,,,,0.01,,,,,,,,,,,,,,,,,,,,
Yichangshi_420500,,,,,,0.06,,,,,,,,,,,0.04,,,,,0.02,,,,,,,,,,,,,,0.05,,,,,,,,,,,,,,,,,,,,0.03,,,,,,0.03,,0.01,,,,,,,,,,0.04,0.05,,,,,,,,,,,,,,0.24,0.09,0.05,,0.1,0.08,,0.13,,,0.04,,,,,,0.05,0.04,,,,0.06,0.05,0.03,,0.05,,,,0.05,,,,,0.04,,0.08,0.16,,,0.08,,0.06,0.1,0.04,,,,,,,,,,,,0.05,,,,,0.03,0.03,,0.09,,0.05,0.05,,,0.05,0.05,0.13,0.27,,0.13,,0.09,0.08,3.09,0.68,1.76,,5.05,0.67,10.55,1.51,14.24,0.77,1.48,1.39,18.74,2.17,3.76,2.57,44.42,0.08,0.04,0.03,0.08,0.03,0.27,0.87,0.21,0.14,0.04,0.04,0.09,0.08,0.2,0.03,0.06,0.04,0.03,,,0.02,,,,,,0.02,,0.03,,,,0.07,,0.03,,,,,,,,,,0.03,,0.01,0.04,0.02,,,,,,,,,,,,,0.01,,,0.02,,,,1.01,0.03,,,,,0.02,0.05,0.04,0.02,0.02,0.04,0.01,0.03,0.06,0.07,,0.06,0.02,0.01,0.06,0.03,,,0.02,0.03,0.03,0.06,,,,,,,,0.09,,,,0.03,,,0.05,,,,,,,,0.03,0.01,,,,,,,,,,,0.43,0.28,,,,,,,,0.02,,,,0.03,,,,,,,,,0.09,,,,,0.02,,,0.02,,,,,0.04,,,,,,,,,,,,
Xiangyangshi_420600,,,0.04,,,0.08,0.06,0.05,0.04,0.03,,,0.03,,,0.03,0.14,0.13,0.02,0.03,0.23,,0.1,0.04,,,,,,,,,,,,,,,,,,,,,,0.08,,0.01,,,,,,,,,,,,,,,,,,,,,,0.02,,,0.09,0.04,0.05,,,0.05,,0.04,,0.03,0.06,,,0.03,0.08,,0.22,,0.06,0.06,,0.12,0.11,,0.05,0.04,0.04,0.06,,,,,0.03,0.08,0.07,0.05,,0.1,0.07,0.03,,0.05,0.03,0.04,0.03,0.06,0.04,0.03,,0.06,0.06,0.05,,0.12,0.06,0.09,0.06,0.08,0.07,0.05,0.08,0.03,,,,,0.05,,0.04,,,,,0.03,0.05,,0.08,0.09,0.08,0.36,0.28,0.05,0.05,0.07,0.08,0.04,0.12,0.17,0.41,7.26,0.13,0.48,0.12,0.38,0.25,4.12,0.71,36.0,6.34,,0.91,9.82,2.06,2.58,0.83,1.35,15.6,1.43,0.94,1.05,1.22,17.15,0.07,0.04,0.04,0.07,,0.15,0.28,0.1,0.11,0.05,0.04,0.05,0.05,0.06,0.04,0.11,0.07,0.03,0.11,0.02,0.04,,,0.01,0.06,0.02,0.03,0.03,,0.04,0.06,0.03,0.04,,,0.03,0.02,,0.02,,,0.02,,0.03,0.02,,0.01,0.01,0.02,0.02,,,,,0.03,,0.03,,,,0.01,,,,,,0.02,,0.14,0.02,,,0.01,0.02,0.05,0.02,,0.0,0.02,0.02,,0.02,0.02,0.07,0.02,0.09,,0.01,0.02,0.02,0.02,,0.02,,0.01,0.03,0.02,,,,0.02,0.05,0.07,0.02,,,,,0.03,,0.26,,0.01,,,,,,,0.05,,,0.37,0.22,0.29,0.21,0.35,0.2,0.48,0.07,2.56,0.94,,0.02,,0.06,0.06,0.03,,0.02,,0.32,,0.07,,,0.04,,,0.02,,,,0.04,,,0.03,0.01,,,,,,,,,,,,,,,,0.02,0.07,0.05,0.01,
Ezhoushi_420700,,,,,,,,,,,,,,,,,,,,,,,,,,,,,,,,,,,,,,,,,,,,,,,,,,,,,,,,,,,,,,,,,,,,,,,,,,,,,,,,,,,,,,,,,,,,,,,,,,,,,0.03,0.02,,,0.07,,,,,0.05,,0.08,,,,,,,,,,,0.04,0.04,,0.18,,,,,,0.06,,,,,,,,,,,,,,,,,,,,,,,,,,,,,,,,0.13,,0.06,,5.63,28.04,0.35,0.48,0.54,,0.64,0.82,0.58,6.03,2.5,0.61,0.24,0.32,0.26,0.26,0.06,0.04,0.02,,,,0.06,,0.11,,,,,,,,,,,,,,,,,,,,,,,,,,,,,,,,,,,,,,,,,,,,,,,,,,,,,,0.01,,,,,,,,,,,,,,,,,,,,0.01,0.01,,,,,,,,,,,,,,,,,,,,,,,,,,,,,,,,,,,,,0.03,,,,,,,,,,,,,,,,,,,,,,,,,,,,,,,,,,,,,,,,,,,,,,,,,,,,,,,,,,
Jingmenshi_420800,,,,,,,,,,,,,,,,,,0.05,,,0.19,,,,,,,,,,0.1,,,,,,,,,,,,,,,,,,,,,,,,,,0.01,,,,,,,,,,,,,,,,,,,,,,,,,,,,,,,,,,,,,,,,0.04,,,,,,0.03,,0.03,,,,,,,0.02,,,,,,,,0.04,,,,,0.06,0.1,0.07,,,,0.06,,,,,0.02,,,,,,,,,,,,,,,0.03,,0.09,0.03,0.03,0.04,0.06,,0.05,0.03,0.18,0.59,,0.14,,0.12,,3.77,0.52,2.07,7.8,7.12,0.49,,2.82,8.31,0.49,1.03,3.09,1.63,2.24,9.58,20.03,0.58,0.06,0.03,0.04,0.03,0.03,0.27,0.27,0.12,0.07,,0.07,0.06,,0.04,,0.03,0.04,,,,,,,,,0.03,0.02,,0.02,0.04,0.02,,,0.08,,,,,,,,0.01,,,,,,,,,,,,,,,,,,,,,,,,,,,0.11,,,0.01,,0.01,,,0.02,,0.02,,,0.01,0.04,0.02,,,0.0,,,,,,,,,,,,,,,,,,,,0.01,,,,,,,,,0.05,,,,0.01,,0.2,,0.22,0.26,0.21,0.16,0.2,0.17,,,0.18,,,0.03,0.01,,,,,,,,,,,,,,0.02,,,,,,,,0.05,,,,,,,,,,,,,,,,,,,,
Xiaoganshi_420900,,,0.04,,,,0.05,0.05,,,,,,0.02,,,0.1,,,,,,0.05,,,,,,,,,,,,,,,,,,,,,,0.03,,,,,,,,,,,,0.03,,,0.09,,,,,,,,,0.21,,,,,,,,,0.05,0.09,0.05,,,,0.03,,,,,,,,,,,,,,0.05,0.03,,,,0.03,0.02,0.12,0.09,,0.09,0.02,0.06,0.04,0.03,,0.04,,,0.05,,,0.06,0.04,,0.07,0.08,0.08,0.16,0.06,0.05,0.12,0.09,0.07,0.06,0.04,,,,,,,,0.04,,,,,0.03,0.04,,,0.08,0.07,0.1,0.13,0.03,,0.07,0.18,,0.14,0.11,,0.4,0.13,1.44,0.14,0.48,0.05,17.55,1.61,2.28,2.77,3.18,2.59,5.51,,2.68,2.98,3.11,15.8,1.17,9.86,2.49,11.3,0.58,0.12,0.07,0.1,0.08,0.05,0.32,0.18,0.18,0.1,0.08,0.11,0.04,0.11,0.1,0.06,0.06,0.06,0.02,0.07,0.03,0.04,0.05,0.03,0.02,0.06,0.04,0.02,0.03,,0.05,0.05,0.03,,0.04,0.01,0.04,0.02,0.11,0.05,0.04,0.1,,0.05,0.02,,,0.02,0.02,0.02,0.02,,,0.04,,0.03,0.01,0.03,,,,,,,,,,,,0.09,,,,0.02,,,0.02,0.01,,,,,,,,,,,,,0.04,,,,0.02,,0.03,,,0.01,,,,,,,,,0.02,,,0.08,,0.01,,,,0.02,,0.06,0.01,0.02,,0.08,0.07,,0.13,0.14,0.17,,,0.27,0.09,,,,,,,,,,,,0.03,,,0.03,,,,,,,,,,,,,0.03,0.02,,0.03,,,,,,0.06,0.04,,0.01,,,,,,
Jingzhoushi_421000,,,,,,0.05,0.06,,,,,,,,,,0.04,0.08,,,0.15,0.01,0.06,,,,0.05,,,,,,,,,,,,,,,,,,,,,0.01,,,,,,,,,,,,,,,,,,0.03,,,,,,,,,,,0.03,,,,,,,,,,0.06,0.09,0.27,0.09,0.06,,,,,0.24,,0.04,0.04,,,,,0.04,0.07,0.04,0.04,0.06,,0.06,,0.05,,0.08,0.02,0.08,0.04,0.04,,,,0.06,0.06,0.13,0.11,0.2,0.05,0.04,0.07,0.07,0.04,0.04,0.05,,,,,,,,,,,,,,,0.03,,,0.03,0.08,0.13,0.04,,,0.06,0.04,0.07,0.04,0.1,0.33,,0.13,0.04,0.11,,6.82,1.02,1.37,21.0,2.6,1.08,12.33,3.06,,0.84,5.27,1.05,3.6,16.73,31.68,5.4,2.08,0.64,0.61,0.14,0.17,0.15,7.67,6.55,0.62,0.97,0.13,0.19,0.14,0.19,0.17,0.17,0.16,0.11,0.06,0.05,0.08,0.04,0.06,0.03,0.04,0.08,0.03,0.07,0.06,,0.07,0.08,0.05,0.04,0.1,0.02,0.03,0.05,0.1,,,,0.03,0.02,0.01,0.05,0.07,0.02,0.02,0.03,0.03,,,,,0.03,0.01,0.02,0.04,0.01,,0.01,,,,,,,0.05,0.24,0.02,,,,,0.02,0.02,0.01,0.01,,0.01,,,0.03,0.04,,0.01,,0.02,0.04,,0.02,0.02,0.04,0.01,0.01,0.07,,0.1,0.04,0.05,0.02,0.02,0.07,0.02,0.05,0.04,,,,0.06,,0.04,0.03,,0.03,0.11,0.27,0.03,0.03,0.11,,,0.08,0.14,0.16,0.09,,0.13,0.23,,0.55,0.18,,,,,0.05,,,,,0.2,,0.05,,0.02,,,,,0.04,,,,,,,0.03,,,,,,,0.02,0.05,,,0.02,,0.02,,0.01,,,,,
Huanggangshi_421100,,0.13,,,0.08,,0.04,,,0.03,,,,,,,0.03,0.04,0.03,,,,0.05,,,,0.05,,,,,,,0.01,,,,,,,,,,,,,,,,0.04,,,0.02,,,,,,,,,0.03,0.03,,,,,,,,0.03,,0.21,0.11,0.09,,0.08,0.18,0.13,0.12,0.05,0.04,0.1,0.08,0.1,0.04,0.21,0.15,0.71,0.22,0.15,0.09,0.16,0.27,,0.21,0.09,0.16,0.15,0.11,0.06,0.09,0.04,0.16,3.22,0.14,0.08,0.33,0.02,0.92,0.1,0.28,0.12,0.11,0.02,0.1,0.05,0.12,0.03,0.05,0.06,0.1,0.44,0.54,0.12,10.55,0.13,0.17,0.17,0.41,0.39,0.22,0.29,,,,0.03,,,,,,,,0.07,,,,0.1,0.05,0.05,0.11,0.08,0.03,,0.05,0.12,0.04,0.08,0.05,0.12,0.24,0.08,1.48,0.11,0.2,,16.15,18.9,1.07,1.9,1.57,13.03,1.22,3.46,1.42,,3.81,1.51,1.2,1.25,0.93,1.12,0.13,0.1,0.04,0.05,0.08,0.03,0.25,0.11,0.06,0.03,0.05,0.04,0.04,0.02,0.08,0.06,0.04,0.12,0.04,0.05,0.03,0.04,0.05,0.02,0.03,0.12,0.13,0.05,0.18,0.03,0.03,0.07,0.05,0.09,0.06,,0.03,0.03,,0.03,,,,,0.01,0.03,,,0.01,,0.02,,,0.04,,0.04,,0.02,,0.01,,0.01,,,0.02,0.04,0.02,,,0.06,,0.02,,,,,,0.01,,,0.01,,0.03,,0.04,0.01,0.01,,,,,,0.02,0.03,,,,,,,,,,,,0.04,,,,,,,0.03,,,,,,,,,,,,0.07,,0.13,,0.34,0.15,0.07,0.15,,0.05,0.01,,0.01,0.05,,,0.03,,,,,,,0.04,,,,,,,,,,0.02,,,0.03,,,0.05,,0.02,,,,,,,,,,,0.05,,
Xianningshi_421200,,,,,,,,,,,,,,,,,,,,,,,,,,,,,,,,,,,,,,,,,,,,,,,,,,,,,,,,,,,,,,,,,,,,,,,0.03,,,,,,0.03,0.06,,,,,0.03,,,,,,0.26,,0.07,,0.12,0.07,,0.19,0.06,0.05,,,,0.02,,0.04,0.09,,,0.04,,0.05,,,0.04,,,0.05,,0.04,,,,,0.07,0.1,0.12,0.81,0.09,0.06,,0.07,0.13,0.04,0.08,,,,,,,,,,,,,,,,,,,,0.05,,0.01,,,,0.03,0.02,,,,0.11,,0.1,,7.44,5.27,0.46,1.2,0.75,2.15,0.76,1.55,2.53,1.39,,0.87,0.72,1.99,0.82,0.66,0.45,0.26,0.19,0.1,0.16,0.08,4.04,0.21,0.09,0.14,0.07,0.11,0.07,0.09,,0.04,0.1,0.08,,0.04,0.02,0.05,,,,0.03,0.03,0.05,,0.02,0.03,0.07,0.03,0.05,,0.07,,,0.08,0.02,,,,,,,,0.01,0.01,,,,,,,,0.02,,,,,,,0.03,,,,,,,,,0.01,,0.0,,,,,,,,,,,,,,,,,,,0.03,,,,,0.04,,,,,,,,,0.05,,,,,,,,,,,,,0.01,,,,0.29,,,,,0.12,,,,,,0.01,,,,,,,,,,,,,,,,,,,,,,,,,,,,,,,,,,,,,,,,,0.05,,
Suizhoushi_421300,,,,,,,,,,,,,,,,,0.05,,,,,0.02,0.07,0.02,,,,,,,,,,0.02,,0.05,,,,,,,,,,,,,,,,,,,,,,,,,,0.03,,,,,,,,,,,,,,,,,,,,,,,,,,,,,,,,,,,,,,,,,,,,,,,,0.03,,,,,,,,,,,,,,0.06,0.07,0.06,0.03,0.03,,,,,,,,,,,,,,,,,,,,,,0.03,0.05,0.07,0.13,,0.02,,0.1,0.03,0.06,0.11,,1.4,,1.79,0.08,0.3,0.08,3.79,0.55,2.27,0.94,9.88,0.69,2.17,6.1,0.71,0.76,0.98,,0.46,0.6,0.43,0.97,0.58,0.04,,,0.05,,0.13,0.04,0.04,0.03,,,,,,,,,,,,,,0.02,,0.04,,,0.03,0.03,0.02,0.02,0.04,,,,,,0.09,0.02,,,,,0.01,,,,,,,,,,,,,,,,,,,,,,,,,,,,,,,,,,,,,,0.01,,,,0.01,,,,,,,,,0.02,0.04,0.03,,,,,,,,,,,,,,,,,,,,,,,0.01,,,,,,,0.14,,,,0.46,0.18,,,,,0.04,,,,,,,0.03,,,,,,,,,,,,,,,0.02,,0.01,,,,,,,,,,,,,,,,,
Enshitujiazumiaozuzizhizhou_422800,,,,,,,,,,0.04,,,,,,,0.03,,,,,,,,,,,,,,,,,,,,,,,,,,,,,,,,,,,,,,,,,,,,,0.03,,,,,,,,,,,,,0.06,,0.04,,,,,,,0.04,,,0.07,0.15,0.58,0.15,0.09,0.08,0.25,0.06,0.12,0.58,0.16,,,,,,0.03,,,,0.03,,,0.05,,0.05,0.04,0.05,,0.15,0.04,0.09,,0.08,0.03,0.04,,,0.1,0.08,,,,,,,0.05,,,,,,,,,,,,,,,,,,,,,,,,,,,,,,,0.07,,,,1.28,0.35,0.37,11.03,0.88,0.42,1.3,0.4,2.13,0.33,0.58,0.13,,0.43,1.02,0.68,5.54,0.05,0.03,,,,0.1,0.61,2.37,0.11,0.06,,0.11,0.03,14.28,,,,,0.04,0.02,0.02,,,0.02,0.03,,0.04,0.03,,0.03,0.02,0.03,0.12,0.03,0.02,,,,,,,,,0.01,0.04,,,0.01,0.03,,,,,,,,,,,,,,,0.17,,,,,2.92,0.04,0.01,,0.06,0.01,0.02,0.02,0.06,,0.04,0.02,0.02,0.05,0.05,0.24,0.01,0.07,0.02,0.02,0.07,0.08,,0.01,0.04,,0.02,0.06,,0.14,0.02,,0.02,,0.12,0.06,0.04,,0.03,0.04,0.03,,,,,,0.06,,0.02,,,,,,,0.22,0.14,,,,,,0.27,0.09,,,,,,,,0.03,,,,,,,,,,,0.03,,,,,,,,,,,,0.05,,,,,,0.05,0.04,,,,,0.01,,,
Xiantaoshi_429004,,,,,,,,,,,,,,,,,,,,,,,,,,,,,,,,,,,,,,,,,,,,,,,,,,,,,,,,,,,,,,,,,,,,,,,,,,,,,,,,,,,,,,,,,,,,,,,,,,,,,,,,,0.03,,,,,,,,0.04,,,,,,,,,,,,,,,,,,,,,,,,,,,,,,,,,,,,,,,,0.04,,,,,,,,,,,0.06,,,,3.81,0.35,0.41,1.23,0.6,0.54,1.59,3.83,5.19,0.39,1.14,0.54,0.62,,13.28,16.83,0.26,0.03,0.06,0.03,0.03,,0.11,0.14,,,0.04,,,,0.06,0.06,,,,,,,,,,,,,,,,,,,,,,,,,,,,,,,,,,,,,,,,,,,,,,,,0.24,,,,,,,,,,,,,,0.01,,,,,,,0.02,,,,,,,,,,,,,,,,,,,,,,,,,,,,,,,,0.07,0.09,0.06,0.06,,,,,0.07,,,,,,,,0.28,0.04,,,,,,,,,,,,,,,0.02,,,,,,0.04,,,,,,,,,,,,,,,,,,,,,,,,
Qianjiangshi_429005,,,,,,,,,,,0.06,,,,,,,,,,,,,,,,,,,,,,,,,,,,,,,,,,,,,,,,,,,,,,,,,,,,,,,,,,,,,,,,,,,,,,,,,,,,,,,,,,,,,,,,,,,,,,,,,,,,,,,,,,,,,,,,,,,,,,,,,,,,,,,,,,,,,,,,,,,,,,,,,,,,,,,,,,,,,1.44,0.19,0.37,1.3,0.43,0.2,3.74,0.93,8.13,0.25,0.45,0.27,0.52,8.85,,4.28,0.06,0.03,0.02,,,,0.1,0.09,0.03,,,,,,,0.03,,,,,,,,,,,,,,,,,,,0.06,,,,,,,,,,,,,,,,,,,,,,,,,,,,,,,,,,,,,,0.02,,,,,,,,,,,,,,,,,0.02,,,,,,,,,,,,,,,,,,,,,,,,,,,,,0.03,,,,,,,,,,,,,,,,,,,,,,,,,,,,,,,,,,,,,,,,,,,,,,,,,,,,,,,0.01,,,,,
Tianmenshi_429006,,,,,,,,,,,,,,,,,0.04,0.06,,,,,0.05,,,,,,,,,,,,,,,,,,,,,,,,,,,,,,,,,,,,0.1,,,,0.03,,,,,,,,,,,,,,,,,,,,,,,,,,,,,,,,,,,,,,,,,,,,,,,,,,,,,,,,,,,,,,,,,,,,,,,,,,,,,,,,,,,,,,,,,,,,,,,,,,,,,,,0.05,,2.12,0.18,0.47,1.21,0.62,0.23,9.47,3.05,2.08,0.26,0.58,0.44,0.44,13.12,5.58,,,0.04,0.03,,,,0.08,0.05,,0.03,,,0.05,,0.04,0.09,,,,,,,,,,,,,,,,,,,,,,,,,,,,,,,,,,,,,,,,,,,,,0.02,,,,,,,,,,,,,,,,,,,,,,,,,,,,0.01,,,,,,,,,,,,,,,,,,,,,,,,,0.01,,,0.05,0.04,,0.03,,,,,0.07,,,,,,,,0.18,0.03,,,,,,,,,0.13,,,,0.02,0.04,0.01,,,,,,,,,,,,,,0.04,,,,,,,,0.04,,0.0,,,,,,
Shennongjialinqu_429021,,,,,,,,,,,,,,,,,,,,,,,,,,,,,,,,,,,,,,,,,,,,,,,,,,,,,,,,,,,,,,,,,,,,,,,,,,,,,,,,,,,,,,,,,,,,,,,,,,,,,,,,,,,,,,,,,,,,,,,,,,,,,,,,,,,,,,,,,,,,,,,,,,,,,,,,,,,,,,,,,,,,,,,,0.17,,1.87,2.59,1.26,0.05,0.44,0.07,0.26,,,0.51,0.46,0.15,0.2,0.09,,,,,,,,,,,,,,,,,,,,,,,,,,,,,,,,,,,,,,,,,,,,,,,,,,,,,,,,,,,,,,,,,,,,,,,,,,,,,,,,,,,,,,,,,,,,,,,,,,,,,,,,,,,,,,,,,,,,,,,,,,,,,,,,,,,,,,,,,,,,,,,,,,,,,,,,,,,,,,,,,,,,,,,,,,,,,,,,,,,
Changshashi_430100,0.34,0.24,0.14,,0.13,0.22,0.11,0.13,0.03,0.06,,0.06,0.04,0.11,0.06,0.09,0.08,0.07,,0.06,0.14,,0.06,,0.08,0.1,0.01,0.05,0.05,,,,0.03,,0.05,0.02,0.16,0.35,0.03,0.07,0.03,0.08,0.08,0.08,0.04,0.02,0.12,0.09,,0.11,0.22,0.06,0.05,0.03,0.04,0.11,0.04,0.07,0.13,0.43,,,,0.05,0.05,0.11,0.02,0.14,,0.1,0.04,,0.45,0.25,0.16,0.22,0.11,0.16,0.16,0.18,0.12,0.19,0.12,0.1,0.11,0.06,0.31,0.27,0.35,0.15,0.09,0.14,0.39,0.36,0.24,0.32,0.16,0.22,0.18,0.1,0.08,0.1,0.13,0.11,0.34,0.2,0.08,0.15,0.08,0.15,0.09,0.14,0.09,0.36,0.16,0.22,0.29,0.24,0.16,0.28,0.17,0.34,1.17,0.36,21.17,1.12,2.52,0.6,0.89,1.61,5.27,0.73,0.61,0.13,0.11,0.06,0.09,0.05,0.17,0.09,0.1,0.05,0.19,0.02,0.11,0.04,0.07,0.09,0.13,0.17,0.09,0.29,0.12,0.12,0.09,0.16,0.14,0.07,0.15,0.11,0.16,0.35,0.14,0.31,0.13,0.27,0.13,1.04,0.5,0.64,0.82,0.66,0.37,0.59,0.5,1.82,0.5,1.84,0.45,0.96,0.53,0.64,0.46,0.26,,43.2,51.02,29.6,34.15,49.17,35.53,21.75,50.81,19.63,20.64,19.35,37.31,19.37,0.68,1.39,0.92,0.41,0.13,0.28,0.22,0.38,0.11,0.18,0.23,0.15,0.24,0.23,0.21,0.43,0.24,0.2,0.09,0.12,0.15,0.39,0.31,1.34,0.18,0.31,0.12,0.17,0.17,0.17,0.16,0.62,0.14,0.12,0.17,0.16,0.53,,0.1,,0.16,0.07,0.18,,0.01,,0.07,0.06,0.09,0.02,0.1,0.24,0.02,,0.54,0.12,0.02,0.04,0.07,0.01,0.04,,0.04,0.06,0.05,0.06,0.02,0.14,0.01,0.06,,,0.02,0.01,0.04,0.04,0.29,0.19,0.27,0.15,0.11,0.86,0.16,0.92,0.19,0.29,0.13,0.09,0.25,0.07,0.24,0.15,0.3,0.18,0.11,0.12,0.73,0.13,0.62,0.03,0.03,0.23,0.02,0.13,0.22,0.2,0.08,,0.22,,0.19,0.14,0.25,,0.25,0.17,0.77,0.09,0.12,0.02,0.13,0.07,,0.05,0.17,0.09,0.13,0.14,0.03,0.13,0.05,,0.12,0.0,,0.02,,,0.09,0.12,0.12,0.04,0.03,,0.02,0.2,,0.04,0.03,0.02,,0.07,0.06,0.02,0.17,0.22,0.08,0.01,0.09,0.07,0.16,0.05,,
Zhuzhoushi_430200,,,,,,,,,,,,,,,,,,,,,,,,,,,,,,,,,,0.03,,,,,,,,,,,,,,,,,,,,,,,,,,,,,,,,,0.03,,,,,,0.07,,,,,,,,,,,,,,,,0.18,0.06,0.08,,0.12,0.07,0.08,,0.04,,,,,,,,,,,,,,,,,0.05,0.02,0.03,,0.05,0.03,0.07,0.06,0.05,0.16,0.05,12.94,0.15,0.78,0.16,0.26,1.34,0.84,0.15,0.14,,,,,,,,,,,,,,,,,,,,,,,,,,,,,,,,,,,0.11,0.14,,0.07,0.08,,0.08,0.06,0.18,0.04,0.24,,0.06,0.16,0.12,0.08,,9.72,,13.49,7.51,2.79,2.52,1.73,2.02,2.11,6.16,1.97,2.07,3.25,0.99,0.15,0.48,0.19,0.07,0.06,0.1,0.14,0.05,0.02,0.05,0.1,0.06,0.02,0.04,0.06,0.13,0.11,0.1,0.02,0.08,0.02,0.07,0.06,0.22,0.08,0.07,0.05,0.06,0.02,0.03,0.04,0.21,0.04,0.03,0.02,,,1.17,,,,,,,,,0.01,0.01,,0.02,,,,,,,0.01,,,0.0,,,,0.0,,,0.01,,,,0.0,,0.01,,0.02,,0.02,0.03,0.03,,0.02,0.09,0.06,0.06,0.02,0.05,,,,,,0.06,,,0.03,0.06,0.05,,0.01,,,0.06,,,,0.01,,0.2,,0.07,,,,,,,,,,,,0.02,,,,,,,,,0.02,,,,,,0.01,,,,,,,,,,,0.1,,,,,,,,,,,0.01,0.01,,,,
Xiangtanshi_430300,,,,,,,,,,,,,,,,,,,,,,,,,,,0.03,,0.01,,0.06,,,,,,,,,,,,,,,,,,,,,,,,,,,,,,,,,0.01,,,,,,,,,,,,,,,,,,,,,,,,,,,,0.09,0.12,0.09,,,,,,,,0.02,,,,,,,,,,0.05,,,,,,,,,,0.04,0.08,,1.28,0.08,0.32,0.07,0.06,0.33,0.36,0.13,0.06,,,,,,,,,,,,,,,,,,,,,0.03,,,,,,,,,,,,,,0.08,0.06,,0.15,,0.05,0.05,0.03,0.13,0.07,0.16,0.11,0.05,0.02,0.05,0.03,,11.96,14.4,,4.66,2.73,2.05,1.72,0.93,2.51,1.47,1.5,2.07,12.7,1.17,0.09,0.47,0.09,0.03,,0.04,0.04,0.05,0.05,0.04,0.04,0.02,0.02,0.03,0.09,0.11,0.04,0.04,,,0.03,0.03,0.05,0.22,0.03,,,0.03,0.01,0.02,0.02,0.08,0.02,0.06,0.06,,0.05,,,,,0.01,0.03,,,,,,,,,,0.05,,,,0.0,0.01,,,,,0.01,,,,0.0,,,,,,,,,,0.03,0.03,0.04,0.05,,0.11,0.02,0.06,,,,,0.04,,,,0.05,,0.02,,,0.02,,0.03,,,0.04,,,,,,,,,,,,0.1,,,0.75,,0.03,0.09,,,,,,,,,,,,,,0.05,,,,,,,,,,,,0.01,,,,,,,,,,,,,,,,,
Hengyangshi_430400,,,,,,,,,,,,,,,,,,,,,,,,,,,,,,,,,,,,,,,,,,,,,,,,,,,,,,,,,,,,,0.04,,,,,,,,,,,0.09,,,,,,,,,,,,,,,,,0.13,0.1,,0.06,0.13,,,,0.05,,,,,,,,,0.1,,,,,,,0.02,0.07,0.02,0.08,0.15,0.11,0.07,,0.08,0.04,0.11,,0.7,0.09,0.4,0.13,0.46,0.79,0.27,0.11,0.07,,,,,,,,,,,,,,,,,,,0.07,0.04,,,0.05,0.08,0.03,,0.03,0.18,0.17,,,,0.06,,0.12,0.09,0.1,0.11,0.12,0.07,0.13,0.09,0.15,0.06,0.19,0.08,0.12,0.09,,0.05,,7.03,7.62,5.22,,6.59,2.07,1.81,1.81,1.54,17.55,14.38,3.5,4.1,1.45,0.72,2.05,0.44,0.2,0.06,0.43,0.25,0.16,0.06,0.22,0.29,0.11,0.11,0.23,0.24,0.66,0.41,0.46,0.03,0.06,0.1,0.2,0.43,1.73,0.21,0.12,0.17,0.03,0.16,0.12,0.18,0.56,0.17,0.14,0.19,0.03,0.06,,0.03,,,0.07,,,,,0.04,0.01,,,,0.03,,0.02,,,0.01,,,,,,,,,,0.0,,,,,0.01,0.01,,,,0.05,0.02,0.03,0.02,0.02,0.29,0.03,0.13,0.05,0.06,,,0.04,0.02,,0.04,0.03,0.03,0.02,0.08,0.26,0.03,0.17,,,,,0.06,,,,,0.06,,,,,,,,,0.09,,,,,,,,,0.04,,,,,0.01,,,,,,,,,,,,,,,,,,,,,,,0.02,,,,,,,,,
Shaoyangshi_430500,,,,,,,,,,,,,,,,,,,,,,,,,,,,,,,,,,,,,,,,,,,,,,,,,,,,,,0.03,,,,,,,,0.06,,,,,,,,,,,,,,,,,,,,,,,,,,0.1,0.27,,,0.15,0.3,0.1,0.08,0.16,0.07,,,,,,,,,,,,,,,0.04,,0.05,0.04,0.12,0.04,0.12,0.06,,0.08,0.06,0.05,,0.4,0.07,0.13,0.05,0.16,0.29,0.15,0.07,0.09,,,,,,,,,,,,,,,0.03,,,,,,,,,,,,,0.07,,,,,,,0.05,0.03,,0.14,,0.03,0.07,0.03,0.11,,0.14,,0.08,0.02,0.03,,,4.72,2.71,2.68,5.17,,0.95,1.26,1.49,1.02,1.56,8.21,11.84,15.28,2.24,0.22,0.3,0.29,0.1,0.04,0.12,0.1,0.12,0.06,0.1,0.26,0.05,0.06,0.17,0.03,0.26,0.36,0.16,0.08,0.04,0.06,0.15,0.33,2.77,0.12,,0.19,0.13,0.15,0.07,0.1,0.53,0.11,0.1,0.14,,,,0.01,,0.05,,,,,,0.04,,0.12,0.02,,0.02,,,0.11,,0.01,,0.01,,,,,0.01,0.01,0.01,,0.01,0.02,,,0.03,0.01,,,,0.11,0.16,0.18,0.1,0.09,0.72,0.2,1.42,0.25,0.09,0.09,,,0.02,0.07,0.06,0.07,0.05,0.08,0.11,0.14,0.08,0.01,,0.21,0.04,,0.06,,0.01,,,0.06,,,,,,,,,,0.03,,,,,,,,,0.21,,,,,,,,,,,,,,,,,0.01,,,,,,,,,,0.03,,,,0.01,,0.04,,,
Yueyangshi_430600,,,,,,,0.05,,,,,,,,,,,,,,,,,,,,,,,,,,,,,,,,,,,,,,,,,0.02,,,,,0.02,,0.03,,,,,,,0.06,,,0.03,,,,,,0.04,,,,,,,,,,,,,,0.05,,,,0.14,,,,,,,,,0.04,0.04,0.04,0.04,,0.03,0.06,0.09,,,0.04,,0.04,0.02,0.05,0.05,0.04,0.03,0.06,0.06,0.06,0.03,0.06,0.03,,0.1,0.07,0.79,0.74,0.19,0.05,0.2,0.15,0.4,0.09,0.1,,,,,,,,0.03,,,,,,,,,,0.04,,0.06,0.05,0.05,,,0.04,0.06,,,0.11,0.05,0.11,0.06,0.1,0.13,0.52,0.32,0.17,0.52,0.26,0.21,0.39,0.17,5.7,0.28,5.9,0.29,0.17,0.35,0.37,0.31,,18.3,4.17,3.12,2.25,1.32,,4.08,1.73,11.98,1.12,1.82,1.77,1.7,1.24,0.14,0.31,0.17,0.09,,0.1,0.08,0.09,0.04,0.06,0.12,0.04,0.11,0.06,0.07,0.11,0.16,0.09,,,0.08,0.07,0.07,0.3,0.06,0.1,0.12,0.04,0.02,0.04,0.04,0.1,0.05,0.03,0.02,0.02,0.06,,0.03,0.02,,,0.02,0.01,,,,0.01,,0.02,0.02,0.03,,0.08,0.07,,,,,0.0,,,0.01,,0.01,,0.0,0.02,,,,,,,0.01,,0.02,,0.05,0.04,0.01,0.22,0.03,0.08,0.02,0.05,,0.02,,0.03,,,0.05,,,,,0.02,0.01,,,,0.02,,0.06,0.16,,,,,,,,0.1,0.15,,0.3,,,0.06,0.01,0.02,,,,,,0.08,0.02,,,0.01,,,,,,,,,,,,0.01,,,,,,,,,,,,,,,0.01,,0.02,,,
Changdeshi_430700,,,,,,,,,,,,,,,,,,0.05,,,,,,,,,,,,,,0.02,,,,,,,,,,,,,,,,,,,,,0.06,,,,,,,,,,,,,,,,,,0.02,,,,,,,,,,,,,,,,,,0.18,0.07,0.06,0.05,,,,0.11,,,,,,0.02,,,0.04,,,,,0.03,,,,0.04,0.02,0.1,0.04,0.06,0.02,,0.06,0.06,0.05,,0.32,0.09,0.05,0.04,0.11,0.14,0.17,0.05,0.05,,,,,,,,,,,,,,,,0.05,,,,0.05,,0.03,,,,0.03,0.02,,0.12,,,,,,0.17,0.07,0.11,0.8,0.38,0.07,0.37,0.08,4.44,0.1,0.2,0.14,1.07,0.18,0.44,0.1,,7.32,1.79,1.69,1.5,1.18,2.85,,25.39,11.08,0.84,0.76,5.32,1.72,4.52,0.1,0.13,0.12,0.07,0.03,0.05,0.06,0.07,,0.08,0.16,0.06,0.07,0.06,0.05,0.11,0.12,0.08,0.17,0.04,0.04,0.03,0.03,0.16,,0.11,,0.02,0.02,0.02,0.03,0.05,0.02,0.05,,0.01,0.08,,0.01,,,,0.02,0.04,0.03,,,0.01,0.03,,,,,,0.13,,,0.02,,,,,0.01,0.0,,0.01,,0.01,,0.03,,,,,0.01,,0.03,0.03,0.1,0.01,0.04,0.25,0.12,0.1,0.08,0.08,0.03,0.04,0.02,0.03,,0.03,0.05,0.05,0.05,,0.14,0.03,0.01,,0.03,0.12,,,0.03,0.01,,,,,,,0.12,,0.12,,,,,,,,,,,,,,0.02,,,,,,,,,,0.09,,,,,,,,0.01,,,,0.04,,,,,,,,0.05,0.01,,0.05,,
Zhangjiajieshi_430800,,,,,,,,,,,,,,,,,,,,,,,,,,,,,,,,,,,,,,,,,,,,,,,,,,,,,,,,,,,,,,,,,,,,,,,,,,,,,,,,,,,,,,,,,,,,,0.1,,,,0.04,,,,,,,,,,,,,,,,,,,,,,0.03,,0.02,,,,0.08,,,0.04,,,,,,,,,,,,,,,,,,,,,,,,,,,,,,,,,,,,,,,,,,0.06,0.14,,,0.06,,0.1,,0.04,,1.23,,0.02,0.03,,1.31,0.45,0.34,0.74,0.53,0.51,11.14,,0.88,0.21,0.18,2.75,0.34,12.33,,0.08,,,,,0.01,,,0.03,0.05,,,0.04,,,0.03,0.03,0.06,,,,,,,,,,0.01,,,,0.01,,,,,,,,,,,,,,,,0.03,,,,,0.02,0.06,,,,,,,,0.01,,,,,,,0.02,,,,,,,,,,,,0.13,,0.05,,,,,,,,,,,0.02,0.03,,,,,,,,,,,,,,,,,,,,,,,,,,,,,,,,,,,,,,,,,,,,,,,,,,,,,,,,,,,0.05,,,,,,,,,
Yiyangshi_430900,,,,,,,,,,,,,,,0.03,,,,,,,,,,,,,,,,,,,,,,,,,,,,,,,,,0.01,,,,,,,,,,,,,,,,,0.02,,,,,,0.02,,,,,,,,,,,,,,,,,,,,,,,,,,,,,,,,,,,,,,,,,,,,,,0.03,,,,0.04,,0.05,,0.29,0.07,0.07,,0.12,0.13,0.13,,0.04,,,,,,,,,,,,,,,,,,,,,,,,,,,,,,,,,,,0.09,0.03,0.11,0.18,0.08,0.05,0.1,0.05,0.65,,0.18,0.11,0.13,0.08,0.18,0.08,,12.8,3.46,2.52,1.45,1.34,9.0,11.25,2.6,,0.8,0.81,2.91,6.42,1.38,0.09,0.21,0.1,0.05,,0.05,0.04,,0.02,0.04,0.06,,0.04,0.06,0.04,0.08,0.09,0.05,0.03,,0.02,0.04,0.04,0.17,0.05,,0.05,0.03,0.05,0.04,0.02,0.04,0.01,0.01,0.05,,,,,,,,0.06,,0.01,0.07,,0.01,,,,,0.02,,,,,,,0.0,,,,,,0.01,,,,,,,,,,,0.02,0.04,0.05,0.03,0.02,0.06,0.04,0.06,0.04,,,,,,,,,,,,0.11,,,,,,0.07,0.06,,,,,,,,0.09,,,,,,,,,,,,,,,,,,,0.01,0.01,,,,,,,,0.04,,,,,,,0.01,,,,,,,,,,,,,,,,,
Chenzhoushi_431000,,,,,,,,,,,,,,,,,,,,,,,0.04,,,,,,,,,,,,,0.02,,,,,,,,,,,,,,,,,,,,,,,,,,,0.03,,,,,,,,,,,,,,,,,,,,,,,,,,,,,,,,,,,,,,,,,,,0.05,,,,,,0.07,,0.07,0.02,0.05,0.11,0.04,0.05,,0.05,,0.06,0.04,0.6,,0.19,,2.03,1.18,0.17,0.1,,,,,,,,,,,,,,,,,,,,,,0.03,,,,,,,0.12,,,,,0.06,,0.04,,0.07,,,,0.05,,0.07,,0.15,0.04,,0.02,,,,1.93,2.49,1.2,10.03,1.19,0.76,0.45,0.67,0.42,,11.77,1.28,0.87,0.56,0.58,9.06,0.42,0.21,0.04,0.27,0.22,0.13,0.05,0.32,0.32,0.13,0.24,0.28,0.14,1.75,0.54,0.27,0.12,0.13,0.14,0.03,0.06,0.35,0.23,,,0.05,0.1,0.05,0.04,0.4,0.03,0.04,0.02,0.01,,,,,,0.02,,0.02,,,0.02,,,,0.05,0.03,,,,,,0.02,,,,,,,,,,,,,,,,,,,0.02,,,,,0.05,0.03,0.07,,,,0.01,0.04,0.02,,0.04,,,0.02,0.05,,0.03,,,,,,,,,,,,,,,,0.06,,,,0.09,,,,,,,,,,,,,0.04,0.01,,,,,,,,,,,,,0.01,,,,,,,,,,,0.04,,,,,,0.05,,
Yongzhoushi_431100,,,,,,,,,,,,,,,,,,,,,,,,,,,,,,,,,,,,,,,,,,,,,,,,,,,,,,,,,,0.02,,,,,,,,,,,,,,,,,,,,,,,,,,,,,,,0.13,0.06,,0.08,,,,,,,,,,,,,,,,,0.02,,,,,,,,0.03,0.05,0.03,,0.03,,,,0.26,,0.12,,0.2,0.14,0.09,0.05,0.04,,,,,,,,,,,,,,,,,,,,,,,,,,,,,,,,,,,0.05,,,,0.05,,0.07,0.03,0.05,,0.11,,0.06,,0.05,0.06,,1.78,1.08,0.94,8.73,4.69,0.82,0.6,0.52,0.37,10.68,,1.5,1.41,0.65,0.33,0.48,0.3,0.16,0.08,0.29,0.25,0.27,0.11,0.34,0.26,0.08,0.11,0.13,0.28,1.08,0.59,0.28,0.05,0.06,0.2,0.17,0.45,4.93,0.55,0.11,,0.06,0.18,0.14,0.12,8.26,0.08,0.12,0.09,0.02,,,0.04,,0.02,0.01,0.02,,,,0.02,0.03,0.03,,0.05,0.03,0.02,0.02,0.07,,,,,,,,,,,0.02,,,,,,,,,,,0.02,0.01,0.02,0.01,0.02,0.25,0.03,0.09,,0.05,,,,,,,0.09,,0.03,0.1,,,0.01,,,,,,,0.01,,,,,,,,,,,,0.09,,,0.03,,,,,,,,,,,,,,,,,,,,,,,0.01,,,,,,,,,,,0.02,,,,,0.0,0.04,,,
Huaihuashi_431200,,,,,,,,,,,,,,,,,,,,,0.12,,,,,,,,,,,,,,,,,,,,,,,,,0.01,,,,,,,,,,,,,,,,0.06,,,,,,,,,,,,,,,,,0.1,,,,,,,,0.09,0.26,0.51,0.1,0.09,0.25,0.56,0.16,0.13,0.28,0.21,,,,,,,,,,,,,,,,0.02,0.07,0.03,0.1,0.07,0.16,0.05,0.06,0.07,0.07,0.04,0.07,0.13,,0.04,0.1,0.11,0.12,0.17,0.06,0.07,,,,,,,,,,,,,,,,,,,,0.03,,,,,,,,,,,,,,,0.05,,,0.06,0.07,0.02,0.35,,0.09,,0.04,,0.2,0.02,,0.09,0.06,1.77,0.7,0.96,1.36,7.6,0.67,4.22,4.53,1.61,0.44,0.85,,3.02,17.78,0.08,0.13,0.13,0.05,0.03,0.07,0.05,0.07,0.06,0.07,0.11,0.06,,0.1,0.12,0.11,0.13,0.09,0.13,0.07,0.04,0.05,0.5,0.68,0.07,0.07,0.05,0.05,0.06,0.06,0.02,0.12,0.12,0.1,0.05,0.02,,,,,,0.02,,0.04,,,0.04,0.01,,0.06,,,,0.02,0.31,,0.01,0.02,0.01,0.01,,,,,,,,0.02,0.03,,,0.03,,,,,0.19,0.1,0.15,0.1,0.09,6.66,0.1,6.49,0.2,0.06,0.08,0.03,0.08,0.05,,0.04,,0.04,0.05,,0.11,0.03,0.03,0.03,0.03,,,,,,,,,,,,,,,,,,,0.01,,,,0.02,,,,,,,,0.01,,,,,,,,,,,,,,,,,,,,,,,,,,,,,,,,
Loudishi_431300,,,,,,,,,,,,,,,,,,,,,,,,,,,,,,,,,,,,,,,,,,,,,,,,,,,,,,,,,,,,,,0.03,,,,,,,,0.05,,,,,,,,,,,,,,,,,,,,,,,0.15,0.08,,,,,,,0.02,,,,,,,,,,,,,,,,0.03,,,0.04,0.08,,0.06,,0.42,0.09,0.13,0.08,0.12,0.14,0.17,,0.06,,,,,,,,,,,,,,,,,,,,,,,,,,,,,,,,,,0.02,0.07,,,0.08,,0.02,0.06,0.03,0.07,,0.11,0.05,0.08,0.04,0.06,,0.13,6.46,3.06,8.01,3.29,12.98,1.4,1.79,1.36,5.22,1.17,1.71,5.05,,1.58,0.11,0.32,0.11,0.07,,0.08,0.11,0.05,0.04,0.04,0.1,0.03,0.05,0.06,0.09,0.13,0.09,0.09,,,0.03,0.05,0.06,0.26,0.09,0.06,,,0.03,0.02,0.07,0.09,0.06,,0.03,,,,,0.02,,,,,0.01,,,,,,,0.05,,,0.07,,,0.03,,,,,,0.01,,0.01,0.0,,,,,,,,0.01,,0.08,0.06,0.07,0.06,0.04,0.44,0.06,0.35,0.09,0.07,0.05,0.02,0.02,0.02,,0.04,,0.03,,0.1,0.05,0.03,,,,,,,0.06,,0.08,,,,,0.06,,0.2,,,,0.09,,,,,,,,,,,,,,,,,,,,,,,,,,0.02,,,,0.02,,,,,,,,0.04,,,,0.0,,,,
Xiangxitujiazumiaozuzizhizhou_433100,,,,,,,,,,,,,,,,,,,,,,,,,,,,,,,,,,,,,,,,,,,,,,,,,,,,,,0.03,,,,,,,,,,,,,,,,0.02,0.01,,,,0.07,,,,,,,,,,,,0.06,0.37,0.4,0.06,0.05,0.15,0.21,,,0.32,0.1,,,,,,,,,,,,,,,,,,0.02,,,0.1,0.06,0.06,,,,,0.1,,0.06,0.07,,0.08,0.07,,,,,,,,,,,,,,,,,,,,,,,,,,,,,,,,,,,,,,,,0.11,,,0.11,,0.11,,,,13.09,,,0.04,0.06,1.17,0.34,0.53,0.47,1.27,0.42,2.4,20.82,0.7,0.25,0.31,11.59,0.85,,0.03,0.04,0.04,,,0.04,0.02,,,0.03,0.04,0.02,0.03,,,0.02,0.03,,0.18,0.08,0.01,,0.03,0.1,0.02,,,,0.08,0.01,0.02,,,,,,,,,0.02,,,,,,,0.01,,,,,,,,0.73,,,,,,,,,,,,,,0.01,0.04,,,0.0,,,,0.04,0.03,0.09,0.02,0.05,2.83,0.08,0.22,0.06,,0.02,,0.07,0.01,,,0.03,,0.06,0.02,0.05,0.04,,0.03,,,,,,,,,,0.07,,,,,,,,,,,,,,,,,,,,,,,,,,,,,,,,,,,,,,0.02,,,,,,,,,,,,,,,,
Guangzhoushi_440100,0.33,0.27,0.17,0.09,,0.12,0.11,0.15,0.06,0.04,0.05,0.06,0.07,0.1,0.12,0.07,0.1,0.07,0.04,0.03,0.48,0.05,0.1,0.04,0.18,0.24,0.06,,0.08,,0.1,0.06,0.02,0.03,0.08,,0.13,0.37,0.09,0.04,0.14,0.09,0.06,0.05,0.07,,0.06,0.07,0.04,0.15,0.2,0.2,0.09,0.09,0.03,0.09,0.04,0.09,0.23,0.48,0.13,0.12,0.06,0.05,0.15,0.14,0.06,0.09,0.32,0.13,0.08,0.09,0.51,0.22,0.14,0.26,0.11,0.13,0.21,0.14,0.13,0.09,0.16,0.12,0.16,0.07,0.3,0.28,0.63,0.14,0.08,0.14,0.25,0.2,0.32,0.33,0.13,0.16,0.15,0.13,0.07,0.08,0.08,0.15,0.31,0.31,0.09,0.16,0.06,0.11,0.04,0.16,0.08,0.43,0.38,0.44,0.33,0.61,0.6,0.28,0.78,0.4,0.5,0.34,0.74,0.69,0.49,0.43,4.9,1.44,0.68,0.65,0.53,0.1,0.18,0.04,0.16,0.06,0.2,0.1,0.08,0.06,0.25,0.04,0.18,0.08,0.09,0.03,0.11,0.16,0.12,0.21,0.15,0.11,0.09,0.13,0.2,0.1,0.17,0.23,0.15,0.48,0.11,0.5,0.27,0.5,0.04,0.34,0.21,0.35,0.35,0.53,0.15,0.31,0.21,0.59,0.3,0.42,0.48,0.41,0.36,0.2,1.05,,0.67,0.76,0.6,4.03,2.1,0.8,0.99,0.84,0.79,4.91,3.11,1.0,1.08,0.55,,20.5,10.51,10.04,4.63,35.08,15.2,12.68,13.16,18.8,9.27,12.33,9.93,10.74,15.0,39.39,15.18,12.63,3.76,7.48,14.25,1.21,0.56,2.17,4.56,1.35,0.46,1.69,2.33,2.39,0.78,4.0,0.56,0.41,0.56,0.43,0.68,,0.26,0.06,0.42,0.18,0.18,0.31,0.06,0.02,0.15,0.12,0.12,0.17,0.22,0.29,0.1,0.02,0.59,0.15,0.07,0.22,0.2,0.03,0.11,0.06,0.09,0.09,0.08,0.25,0.04,0.09,0.15,0.25,0.04,0.09,0.05,0.02,0.05,0.14,0.27,0.08,0.28,0.16,0.24,0.45,0.29,0.74,0.33,0.31,0.18,0.16,0.28,0.17,0.57,0.18,0.11,0.1,0.19,0.68,0.52,0.27,0.21,0.06,0.18,0.27,0.09,0.06,0.19,0.07,0.02,0.2,0.25,0.07,0.19,0.27,0.29,0.1,0.35,0.08,0.77,,0.14,0.02,0.03,0.05,0.06,0.03,0.03,0.03,0.11,0.13,0.03,0.05,0.04,0.01,0.15,0.01,0.01,,0.09,,,0.08,0.13,0.06,0.02,0.04,0.05,0.09,0.01,0.02,,,,0.06,0.06,,0.06,0.11,0.06,0.01,,,0.04,0.05,0.01,
Shaoguanshi_440200,,,,,,,,,,,,,,,,,,,,,,,,,,,,,,,,,,,,,,,,,,,,,,,,,,,,,,0.01,,,,,,,,,,,,,,,,,,,,,,,,,,,,,,,,,,,,,,,,,,,,,,,,,,0.02,,,,,,,,,,,,,,,0.03,,0.06,,0.06,0.05,0.09,0.09,0.09,0.07,5.01,0.44,0.11,0.13,0.05,,,,,,,,,,,,,,,,,,,,,,,,,,,,,,,,,0.08,,,0.03,0.06,,,0.01,0.04,,,,0.08,0.04,,0.03,,0.02,,0.1,0.17,0.18,0.91,0.27,0.12,0.11,0.09,0.11,8.63,0.43,0.18,0.11,0.11,3.15,,1.12,0.58,0.15,1.8,0.67,0.36,0.3,0.7,0.83,0.98,0.4,3.25,0.35,8.45,0.89,0.72,0.21,0.26,0.69,0.02,0.03,0.14,0.12,,,0.01,0.1,0.06,,0.32,0.03,0.04,,,,,,,,,,0.02,,,,,,,,,,,,,,,,,,,,,,,,,,,,,,,,,,,,,,0.03,0.03,0.06,,,,,,,,,,,,,,,,,,,,,,,,,,0.07,,,,,,,,,,,,,,,,,,,,,,,,,,,,,,,,,,,,,,,,,,,,,,,,,,,,,,
Shenzhenshi_440300,0.6,0.3,0.09,0.09,0.11,0.08,0.05,0.08,0.08,0.07,0.05,0.07,0.04,0.13,0.06,,0.12,,,0.06,0.1,0.07,,0.05,0.14,0.11,0.06,0.09,0.06,0.04,0.13,0.02,0.03,0.21,0.11,,0.16,0.48,0.05,0.12,0.12,0.08,0.08,0.07,0.05,0.02,0.03,0.03,0.04,0.1,0.21,0.54,0.06,0.04,0.11,0.11,0.08,0.07,0.25,0.37,0.18,0.15,0.28,0.13,0.12,0.4,0.21,0.09,0.35,0.13,0.06,,0.62,0.24,0.2,0.18,0.2,0.22,0.23,0.06,0.08,0.16,0.12,0.11,0.09,0.08,0.39,0.33,0.59,0.13,0.1,0.08,0.29,0.19,0.27,0.26,0.1,0.21,0.2,0.18,0.07,0.06,0.09,0.14,0.37,0.42,0.11,0.15,0.08,0.09,0.07,0.19,0.08,0.64,0.6,0.86,0.31,0.98,0.87,0.33,1.03,0.51,0.63,0.23,1.07,0.89,0.98,0.37,5.71,3.37,0.89,1.0,0.48,0.13,0.2,0.08,0.07,0.11,0.2,0.09,0.11,0.04,0.13,0.07,0.16,0.06,0.11,0.05,0.16,0.22,0.17,0.27,0.27,0.1,0.13,0.11,0.18,0.11,0.15,0.23,0.13,0.54,0.24,0.46,0.25,0.54,0.13,0.39,0.33,0.45,0.54,0.5,0.16,0.37,0.3,0.5,0.53,0.7,0.56,0.3,0.24,0.19,0.3,,0.62,0.71,0.53,2.05,2.04,0.76,0.87,0.58,0.67,3.06,2.08,1.05,0.66,0.6,7.86,6.87,,5.89,5.23,4.12,4.89,5.32,6.33,3.43,36.76,13.94,27.28,17.56,5.15,4.82,36.74,5.61,3.38,9.87,4.05,0.86,0.47,1.73,2.1,0.9,0.67,0.78,1.11,1.86,0.67,1.93,0.53,0.46,0.68,0.42,0.93,,0.11,0.04,0.29,0.26,0.24,0.38,0.1,0.05,0.23,0.04,0.09,0.13,0.19,0.32,0.15,0.16,0.64,0.21,0.11,0.09,0.09,0.03,0.15,0.08,0.12,0.07,0.06,0.23,0.07,0.23,0.14,0.38,0.08,0.1,0.04,0.04,0.12,0.34,0.36,0.11,0.29,0.42,0.32,0.55,0.58,1.3,0.48,0.3,0.19,0.13,0.77,0.09,0.67,0.18,0.09,0.14,0.27,0.62,0.23,0.32,0.07,0.03,0.15,0.05,0.02,,0.15,0.03,0.05,,0.3,,0.24,0.13,,0.13,0.51,0.09,0.46,0.28,0.16,0.03,0.05,0.07,0.19,0.07,0.11,0.13,0.07,0.36,,0.24,0.08,0.02,0.06,0.03,0.01,,0.01,,,0.03,0.04,,,0.02,0.03,0.16,0.03,,,0.03,0.11,0.05,0.04,,0.11,,0.04,0.01,0.05,0.0,0.04,,0.01,
Zhuhaishi_440400,0.08,,,,,,,,,,,,,,,,,0.06,,,,0.01,,,0.03,,,,,,0.08,,,,,,,,,,,0.04,,,,,,0.03,0.02,,,0.05,,,0.03,,,0.02,0.05,0.14,0.06,,0.03,0.01,0.15,,0.03,,0.06,0.05,0.03,,,0.05,,,,,,,,,,,,,,,,,,,,,,,,0.03,,,,0.02,,0.02,,0.07,,,,,,,,0.05,0.05,0.09,0.03,0.08,0.06,,0.04,0.08,0.07,0.04,0.08,0.07,0.16,,0.33,0.23,0.08,0.09,0.07,,,,,0.03,,,,0.02,,0.02,,,,0.03,,0.03,,,,0.03,0.02,,,,0.03,0.03,,,,,,,,0.04,0.05,0.06,0.09,0.07,,0.05,0.02,0.06,,,0.06,0.12,0.05,0.04,0.03,0.06,0.08,0.07,0.08,0.29,0.23,0.07,0.15,0.1,0.09,0.4,0.34,0.16,0.11,0.05,2.52,1.01,2.06,,0.36,1.74,7.2,2.16,2.67,1.23,0.66,0.75,1.08,0.59,4.88,1.03,0.97,22.01,0.35,0.51,1.32,0.12,0.05,0.28,0.55,0.17,0.2,0.11,0.32,0.25,0.04,0.52,0.1,0.03,0.07,0.08,0.05,,0.26,,0.05,,0.04,0.02,,,0.02,0.01,0.09,0.02,0.1,0.02,,,0.13,0.02,0.01,,0.03,0.0,,,,0.01,0.03,0.03,0.0,,0.03,0.02,0.02,,0.02,0.0,,0.12,0.05,0.03,0.06,,0.04,0.04,0.04,0.09,0.06,0.05,0.03,,0.09,,,,,,,0.28,0.05,,,,,,,,0.28,,,,,,,,,,,,,,,,,,0.04,0.03,,,,,,,,,,,,,,,,0.04,,,,,,0.02,,,,,0.02,,,,,,,,0.01,0.02,0.01,,,
Shantoushi_440500,,,,,,,,,,,,,,,,,,,,,,,,,,,,,,,,,,,,,,,,,,,,,,,,,,,,,,,,0.01,,,,,,,,,,,,,,,,,,,,,,,,,,,,,,,,,,,,,,,,,,,,,,0.02,,,,,,,,,0.03,,,0.17,0.29,0.25,0.1,0.43,2.67,0.14,0.53,0.17,0.04,,0.03,0.08,,,0.7,0.12,0.06,0.19,0.05,,,,,,,,,,,,,,,,,,,,,,,,,,,,,0.19,,,,,,,,,,0.08,,,,,,,,,,,,,0.03,,,0.04,,0.03,,,0.02,0.12,0.04,0.05,0.03,0.04,1.19,0.48,1.76,0.36,,0.4,0.15,0.2,0.12,0.16,0.99,4.88,4.0,1.19,0.15,0.64,0.47,0.26,45.39,34.7,0.45,0.03,0.02,0.08,0.06,,,0.02,0.03,0.07,0.06,0.1,0.03,0.01,0.05,0.03,,,,0.02,,,,0.01,0.01,0.02,,,0.03,,,,0.05,0.02,,,,,0.03,,,,,,,,,,0.01,0.02,,0.04,,,,0.02,,,0.02,,0.01,,0.03,0.09,,,,,,,,,,,,0.04,,,,0.03,,,,,,,,,,,,,,,,,,0.09,,,,,,,,,,0.1,,,,,,,,,,,,,,,0.01,,,,,,,,,,,,,,,,,,,,,
Foshanshi_440600,,,0.08,,,0.06,,,,,,,,0.02,0.03,0.04,,0.07,,,0.1,,,,,,,,,,,,,,,,0.05,,,0.03,,,,0.04,0.03,,,,0.03,,0.06,,,,0.02,0.03,,,,0.09,0.06,,,0.01,0.03,,,0.04,,0.02,,0.09,0.09,0.04,,0.07,,,,,0.05,0.05,0.04,0.03,0.04,0.03,0.07,0.1,0.28,,,0.05,0.09,0.12,,0.09,,0.05,0.09,,0.02,0.02,,0.04,0.05,0.18,0.04,0.06,,,0.06,0.03,0.04,0.15,0.1,0.13,0.1,0.27,0.2,0.08,0.27,0.13,0.15,0.15,0.29,0.39,0.14,0.09,1.65,0.46,0.38,0.41,0.12,,0.05,0.02,0.05,0.04,,,,,,,,,0.04,,0.05,0.04,0.03,0.12,,,0.03,0.04,0.11,0.05,0.04,0.09,,0.16,0.05,0.19,0.07,0.19,,0.1,0.06,0.21,0.13,0.14,0.03,0.15,0.07,0.19,0.14,0.18,0.11,0.12,0.09,0.05,0.11,,0.18,0.32,0.21,1.56,0.66,0.36,0.31,0.35,0.25,1.43,1.62,0.36,0.44,0.24,26.39,7.17,3.65,4.82,1.03,,21.25,5.33,5.46,32.41,2.31,2.82,2.58,2.88,7.8,14.1,3.85,19.18,1.01,1.83,13.39,0.66,0.33,1.25,6.09,0.76,0.57,1.4,4.81,2.05,0.65,5.35,0.5,0.27,0.31,0.1,0.14,,0.05,,0.1,0.02,0.12,0.07,,0.07,0.04,,0.03,0.06,0.04,0.1,0.02,0.05,0.2,0.03,0.08,,0.13,,0.04,0.03,0.04,0.05,0.06,0.07,0.01,0.03,0.06,0.14,,0.03,0.03,0.0,,0.04,0.09,0.04,0.11,0.03,0.04,0.36,0.14,0.52,0.11,0.08,0.09,0.06,0.05,0.04,0.06,0.09,0.07,0.04,0.08,0.46,0.14,0.13,0.19,,0.12,,,0.03,0.09,,,,,,,,,,0.25,,0.21,0.09,,0.03,,,,,0.07,,,,0.01,,0.06,,,0.01,,,,,,,,,,,0.01,,,,,,,,,,,,,,,,,0.1,,
Jiangmenshi_440700,,,,,,,,,,,,,,,,,,,,,,,,,,,,,,,,,,,,,,,,,,,,,,,,,,,,,,0.03,,,0.01,,,,,,,,,,,,,,,,,,,,,,,,,,,,,,,,,,,,,,,,0.05,,,,,,,,,,,,,,,,,,0.02,0.04,,,0.04,,0.04,,,,0.06,0.08,0.05,,0.33,0.16,0.09,0.06,0.05,,,,,,,,,,,,,,,,,,,,,,,,,,,0.04,,,,,,0.06,,,,,,,,,,,,,,,,,,,0.03,0.05,0.03,0.2,0.14,0.06,0.05,,0.03,0.27,0.24,0.08,0.09,,4.14,1.06,1.39,8.13,0.2,8.03,,2.49,3.08,3.22,0.6,0.43,0.43,0.53,14.67,1.49,1.24,13.85,0.19,0.26,6.14,0.11,0.07,0.3,1.39,0.36,0.12,0.3,0.95,0.45,0.4,0.87,0.24,0.13,0.19,0.02,,,0.05,,,0.05,,0.04,0.04,,,,,,0.03,,,,,,0.02,0.01,0.01,,,,,0.02,,0.02,0.01,,,,,,0.01,,0.02,,0.02,,0.03,0.01,,0.23,,0.06,0.02,,,,,,0.05,,,,0.04,0.37,0.08,0.04,,,,,,,,,,,,,,,,,,,,,,,,,,,,,,,,,0.04,,,0.0,,,,,,,,,,,,,,,,,,,,,,,,,,,,,,
Zhanjiangshi_440800,,,,,,,,,,,,,,,,,,,,,,,,,,,,,,,,,,,,,,,,,,,,,,,,,,,,,,,,0.01,,,,,,,,,,,,,,,,,,,,,,,,,,,,,,,,,,,,,,,,,,,,,,,,,,,,,,,,,,,,0.05,0.03,0.06,0.07,,0.04,,0.04,,0.04,,,0.04,0.15,,0.07,0.04,,,,,,,,,,,,,,,,,,,,,,,,,,,,0.03,,,,,,,0.02,,,,,,,,,,,,,,,0.02,,,0.02,,0.02,0.12,0.11,0.07,,,0.02,0.12,0.18,0.05,,0.03,1.9,0.48,0.82,1.35,0.17,1.21,1.42,,30.95,0.8,0.32,0.15,0.25,0.13,5.68,0.82,0.68,0.93,0.1,0.22,1.68,0.63,0.35,0.44,0.6,7.54,1.07,1.26,0.64,7.44,0.25,0.47,0.24,0.23,0.42,1.1,0.7,,0.72,0.15,0.37,0.78,0.57,1.11,0.23,0.48,0.54,0.28,0.18,0.39,0.85,0.33,0.3,0.16,,,,0.01,,,0.02,,,,,,,0.06,0.01,,,,,,,,0.03,0.02,0.03,0.04,0.03,0.05,0.13,0.23,0.1,,0.06,0.02,0.02,0.02,,,0.03,,0.08,0.15,,0.05,,,,,,,,,,,,,,,,,,,,,,,,,,,,,,,,,,0.02,,0.0,,,,,,,,,,,,,,,,,,,,,,,,,,,,,,
Maomingshi_440900,,,,,,,,,,,,,,,,,,,,,,,,,,,,,,,,,,,,,,,,,,,,,,,,,,,,,,,,,,,,,,,,,,,,,,,,,,,,,,,,,,,,,,,,,,,,,,,,,,,,,,,,,,,,,,,,,,,,,,,0.03,,0.04,,,,,,,,0.08,,,,,,,,,,,,,,,,,,,,,,,,,,,,,,,,,,,,,,,,,,,,,,,,,,,,,,,,,,0.01,0.05,,0.04,,,,0.11,0.09,,0.02,0.04,1.9,0.48,1.23,1.64,0.07,1.22,1.99,29.83,,1.39,0.44,0.11,0.15,0.28,15.89,0.88,1.29,1.21,0.1,0.14,6.32,0.33,0.14,0.13,1.74,1.0,0.31,0.58,0.49,7.94,0.2,0.45,0.12,0.13,0.13,0.11,0.08,1.17,0.14,0.04,0.06,0.11,0.05,0.07,,0.12,0.05,0.01,0.09,0.13,0.21,0.12,0.1,0.1,,,,,0.01,,,,,,,,,,,,,,,,,,,,,,,0.04,0.06,0.04,,,0.02,0.02,,,,,,0.02,0.04,0.22,0.11,,,,,,,,0.03,,,,,,,,,,,,,,,,,,,,,,,,,,,,,,,,,,,,,,,,,,,,,,,,,,,,,,,,,,,
Zhaoqingshi_441200,,,,,,,,,,,,,,,,,,,,,,,,,,,,,,,,0.03,,,,,,,,,,,,,,,,,,,,,,,,,,,,,,,,,,,,,,,,,,,,,,,,,,,,,,,,,,,,,,,,,,,,,,,0.02,,,,,,,,,,,,,0.19,,,,,0.08,,,,0.07,,0.05,,0.23,0.05,,0.04,,,,,,,,,,,,,,,,,,,,,,,0.02,,,,,,,,,,,0.06,,,,,,,,,,,,,0.05,,,,0.03,,0.03,0.03,0.04,0.2,0.1,,0.04,0.07,0.05,0.36,0.48,0.07,0.06,0.04,4.46,0.86,0.8,1.17,0.15,10.83,3.19,0.92,1.44,,0.5,0.49,0.32,0.48,2.47,4.43,0.94,2.17,0.14,0.31,25.14,0.13,0.1,0.33,7.45,0.12,,0.18,0.83,0.45,0.13,4.78,0.1,0.13,0.03,0.02,,,,,,0.01,0.03,,,,0.01,,,,,0.02,,,,,,,0.03,,,,,0.01,,0.04,0.0,,,,,,,,,0.05,0.03,,0.04,0.06,0.03,0.11,,0.21,0.08,,0.03,0.05,,0.04,,,,,0.08,0.15,,,0.03,,,,,,,,,,,,,,,,,,,,,,,,,,,,,,,,,,,,,,,,,,,,,,,,,,,,,,,,,,,,,,,,,
Huizhoushi_441300,,,,,,,,,,,,,,,,,0.04,,,,,,,,,,,,,,,0.02,,,,,,,0.03,,,,,,,0.01,,,,,,0.06,,0.06,,0.05,,,,0.09,,0.03,,,,0.03,,,0.06,,,,,,,,,,,,,,,,,,,,0.13,,,,,,,,,,,,,,,,0.11,0.05,,0.06,,0.03,,,,0.12,0.1,0.16,0.18,0.26,0.3,0.06,0.34,0.15,0.15,0.08,0.21,0.19,0.17,0.15,2.74,0.99,0.25,0.27,0.1,,,,,,,,,,,,,,,,,0.04,0.06,,,0.04,,0.07,,,0.09,0.09,,0.16,,0.21,0.08,0.15,0.05,,0.08,0.09,0.07,0.09,0.01,0.09,0.03,0.08,0.14,0.1,0.17,0.07,0.05,0.03,,,0.09,0.12,0.09,0.5,0.51,0.15,0.24,0.13,0.19,0.88,0.68,0.27,0.23,0.13,5.04,3.5,25.31,1.19,1.75,1.98,1.27,0.97,1.29,1.2,,8.14,20.95,28.28,1.41,2.19,16.86,1.44,1.56,3.83,1.4,0.13,0.06,0.38,0.42,0.23,0.17,0.26,0.22,0.53,0.17,0.46,0.19,0.08,0.08,0.04,0.04,,0.01,0.02,0.05,0.02,0.02,0.07,,0.02,,,,,0.21,0.05,0.02,0.02,0.13,0.02,,0.04,0.07,0.0,0.03,0.06,0.03,0.02,0.01,0.07,,0.04,0.09,0.09,0.02,0.03,,,,0.14,0.12,0.03,0.13,0.24,0.12,0.5,0.38,0.23,0.25,0.04,0.05,0.02,0.05,0.13,0.05,0.07,0.01,,0.15,0.21,,0.05,,,,,,,,0.01,0.02,,,,,,,,0.12,,,,,0.01,0.03,,,0.03,,,0.03,,,0.06,0.04,,,0.0,0.05,,,,,,,,,,,,0.01,,,,,,,,,0.18,,,,,,,,
Meizhoushi_441400,,,,,,,,,,,,,,,,,,,,,,,,,,,,,,,,,,,,,,,,,,,,,,,,,,,,,,,,0.03,,,,,,,,,,,,,,,,,,,,,,,,,,,,,,,,,,,,,,,,,,,,,,,,,,,,,,,,,,0.04,0.08,0.06,0.18,0.14,0.43,0.04,5.31,0.04,,,,,0.03,0.04,3.21,0.2,,0.06,,,,,,,,,,,,,,,,,,,,,,,,,,,,,,,,,,,,,,,,,,,,,,,,,,,,,,,,0.05,,,0.04,0.04,0.02,0.08,,,,,1.35,0.95,2.25,0.44,4.02,0.49,0.25,0.14,0.11,0.3,2.29,,2.58,9.67,0.15,0.76,0.83,0.34,7.11,7.27,0.41,,0.01,,0.06,,,,0.02,0.01,,0.16,,,,0.01,,,0.03,,,,,0.01,,,,,,,,,,,,,,,,,,,,,,,,,,,,,,,,,,,,,,,,,,,,,,,,,,,,,,,,,,,,,,,,,,,,,,,,,,,,,,,,,,,,,,,,,,,,,,,,,,,,,,,,,,,,,,,,,,,,,,,,
Shanweishi_441500,,,,,,,,,,,,,,,,,,,,,,,,,,,,,,,,,,,,,,,,,,,,,,,,,,,,,,,,,,,,,,,,,,,,,,,0.03,,,,,,,,,,,,,,,,,,,,,,,,0.08,,,,,,,,,,,,,,,,,,,0.04,0.03,0.07,,0.09,0.2,,0.1,0.06,,,0.04,,,,0.19,,,0.05,,,,,,,,,,,,,,,,,,,,,,,,,,,,,,,,,,,,,,,,,,,,,,,,0.06,,,,,,,,0.03,,,,0.05,0.02,0.15,0.05,,0.02,,0.83,0.26,2.78,0.3,1.82,0.31,0.13,0.17,0.14,0.17,3.26,1.93,,0.98,0.24,0.4,0.68,0.24,0.94,6.08,0.35,,,,0.03,0.05,,0.02,0.03,0.02,,0.07,,,,,,,,,,,,0.02,,,,,,0.02,,0.03,,,,,,,,,,,,,,,,,,,,,0.01,,,0.02,,,,,,,,,,,,0.02,,,,,,,,0.02,,,,,,,,,,,,,,,,,,,,,,,,,,,,,,,,,,,,,,,,,,,,,,,,,,,,,,,,,,,,,,,,,,,,
Heyuanshi_441600,,,,,,,,,,,,,,,,,,,,,,,,,,,,,,,,,,,,,,,,,,,,,,,,,,,,,,,,,,,,,,,,,,,,,,,,,,,,,,,,,,,,,,,,,,,,,,,,,,,,,0.02,,,,,,,,,,,,,,0.02,,0.06,0.06,0.07,0.04,0.27,,0.04,,,,0.07,0.06,3.43,0.37,0.06,0.06,,,,,,,,,,,,,,,,,,,,,,,,,,,,,,,,,,,,,,,,,,,,,,,,,0.02,,,,,,0.02,0.05,0.1,,,0.04,,0.13,0.08,,0.04,,1.41,4.2,4.0,0.36,0.51,0.6,0.29,0.25,0.14,0.32,9.77,8.6,1.33,,0.25,0.76,1.88,0.4,0.52,1.02,0.69,,,,0.05,0.05,,0.02,0.02,0.08,,0.08,,,,,,,,,,,,0.01,,,,,0.09,,,,,,,,,0.01,,,,,,,,0.01,,,,0.02,0.04,,,,,,,,,,,0.07,0.02,,,,,,,,,,,,,0.1,,,,,,,,,,,,,,,,,,,,,,,,,,,,,,,,,,,0.02,,,,0.01,,,,,,,,,,,,,,,,,,,,,,,,,,,,,
Yangjiangshi_441700,,,,,,,,,,,,,,,,,,,,,,,,,,,,,,,,,,,0.02,,,,,,,,,,,,,,,,,,,,,,,,,,,,,,,,,,,,,,,,,,,,,,,,,,,,,,,,,,,,,,,,,,,,,,,,,,,,,,,,,,,,,,0.04,,,,0.03,,,,,,0.04,,,,,,,,,,,,,,,,,,,,,,,,,,,,,,,,,,,,,,,,,,,,,,,,,,,,,,,,0.03,0.03,0.03,,,,,0.08,0.11,,,,1.15,0.19,0.46,1.65,0.04,1.1,4.86,2.93,7.94,1.12,0.24,0.12,0.13,0.22,,0.51,0.5,1.58,0.06,0.07,5.0,0.04,0.03,,0.31,0.83,0.1,0.16,0.14,0.4,0.09,0.15,0.06,0.03,0.04,,0.04,,0.03,0.06,,,0.04,0.02,,,0.01,0.03,,0.02,0.03,0.05,,0.02,,,,,,,,,,,,,,,,0.02,,,,,,,,,,,,,,,0.02,,,,,,,,,,0.02,0.06,0.05,,,,,,,,,0.01,,,,,,,,,,,,,,,,,,,,,,,,,,,,,,,,,,,,,,,,,,,,,,,,,,,,,,,,,,
Qingyuanshi_441800,,,,,,,,,,,,,,,,,,0.04,,,,,,,,,,,,,,,,,0.02,,,,,,,,,,,,,,,,,,,,,,,,,,,,,,,,0.02,,0.04,,,,,,,,,,,,,,,,,,,,,,,,,,,,,,,,,,,,,,,,,,,,,,,,0.03,,0.03,,0.05,,,,0.08,,,,0.51,0.11,0.09,0.06,,,,,,,,,,,,,,,,,,,,,,,,,,,,0.03,,,,,,0.06,,,,,,0.05,,0.04,,0.08,,,0.05,,,,,,0.06,0.08,0.08,0.57,0.27,0.13,0.12,0.13,0.11,2.94,2.2,0.2,0.14,0.09,10.33,15.39,1.36,0.94,0.21,6.21,1.59,0.76,0.62,4.69,0.88,0.86,0.38,1.19,0.81,,1.58,1.43,0.2,0.29,1.74,0.04,0.06,0.16,0.5,0.09,,0.1,0.26,0.17,0.02,2.12,0.06,0.1,,,,,,,,,,,,,,0.01,,0.04,,,,,,,0.01,,,,,,,,,,,,,,,,,,0.01,,,,,,,0.28,,0.06,0.02,,,0.02,,0.02,,,,,,0.05,,0.03,,,,,,,,,,,,,,,,,,,,,,,,,,,,,,,,,,,,,,,0.01,,,,,,,,,,,,,,,,,,,,,,,,,,,
Dongguanshi_441900,,,,,,,,,,,,,,,,,,,,,0.11,,,,,,,,,,,,0.01,0.02,,,,,,,,0.05,,,0.03,,,,,,,0.05,0.04,,0.02,,0.01,0.02,0.08,,0.07,,,0.03,,0.03,,,0.04,0.05,,,,,,,0.04,0.06,,,0.03,,,,,,0.05,,0.19,0.07,0.06,,0.11,0.06,0.07,0.13,,0.04,0.05,0.04,,,,0.03,0.12,0.04,0.03,0.09,,,0.03,0.03,,0.13,0.09,0.19,0.11,0.28,0.27,0.16,0.34,0.31,0.13,0.04,0.4,0.25,0.21,0.09,1.97,1.13,0.34,0.39,0.21,,,,,,,,,,,,,,,,0.05,0.04,0.07,0.1,0.04,,0.03,0.1,,,0.05,0.11,,0.39,0.09,0.26,0.17,0.28,,0.07,0.06,0.09,0.12,0.14,0.03,0.09,0.1,0.19,0.14,0.24,0.14,0.15,0.02,0.04,0.15,,0.15,0.26,0.18,1.13,1.6,0.4,0.46,0.19,0.34,2.44,2.41,0.52,0.47,0.17,6.3,4.38,18.73,1.83,0.97,2.77,2.81,1.82,3.85,2.32,16.7,3.58,4.41,5.75,2.95,3.92,,3.07,0.73,2.73,2.35,0.33,0.16,0.83,1.26,0.4,0.19,1.35,0.9,1.83,0.64,1.66,0.6,0.34,0.4,0.06,0.05,,0.1,0.02,0.04,0.02,0.08,,0.01,,0.06,0.03,,0.06,0.02,0.06,,,0.19,0.06,0.04,0.08,0.09,0.02,0.03,0.09,0.02,0.04,0.04,0.12,0.0,0.09,0.09,0.24,0.03,0.01,0.03,0.0,0.02,0.38,0.12,0.06,0.51,0.14,0.24,0.28,0.55,0.63,0.4,0.12,0.15,0.05,0.16,0.04,0.18,0.13,0.09,0.09,0.13,0.54,,0.12,0.05,0.06,,,,,0.06,0.01,,,0.14,,,,,,0.2,,0.33,0.18,,,,,0.06,,,0.02,,0.07,0.01,0.03,0.09,,,0.01,,0.02,,,,,,,0.01,0.01,,,,,,,0.02,,,,,,,,,,,,,
Zhongshanshi_442000,,,,,,,,,,,,,,,,,,,,,,0.01,,,,,,,,,,,0.04,0.02,,,,,,,,0.04,,,,,,,,,,,,,,,,,,,,,,0.05,,0.07,,0.04,0.1,,,0.28,,,,,,,,,,,,,,,,,,,,,,,,,0.04,,,,,,,,,0.07,,,,,,,,0.04,0.03,0.08,0.03,0.1,0.07,,0.06,0.04,0.05,,0.15,0.1,0.06,0.06,0.6,0.25,0.13,0.06,0.09,,,,,,,,,,,,,,,,,,,,0.03,,,,,,,0.03,0.1,,,0.12,,0.08,,0.04,0.04,0.1,0.08,0.06,0.02,,0.03,0.1,,0.12,0.14,0.09,0.02,,,,0.07,0.13,0.09,0.79,0.26,0.11,0.15,0.23,0.1,0.82,0.58,0.27,0.14,0.05,4.19,1.85,2.63,47.39,0.37,8.23,19.21,2.14,2.87,2.61,1.05,1.1,1.32,1.16,5.6,2.08,2.16,,0.46,0.73,2.87,0.24,0.08,0.54,2.16,0.18,0.13,0.77,2.52,0.77,0.32,1.92,0.22,0.23,0.24,0.04,0.05,,0.04,,0.11,,0.02,0.02,,0.02,,,,,,0.09,0.02,,0.09,0.01,0.05,,0.18,0.0,,,0.02,0.01,0.01,0.03,0.0,0.09,0.02,0.08,,0.05,,,,0.12,0.04,0.03,0.07,0.02,0.04,0.28,0.06,0.11,0.05,,0.02,,,0.05,,,,,0.04,0.26,,0.04,,,0.03,,,0.13,0.22,0.01,,,,,,,,,0.1,,,,,,,,,,,,,,,,0.09,,,,,,,,,,0.04,,,0.02,,,,,,,,,,,,,0.01,,,0.0,,0.05,,
Chaozhoushi_445100,,,,,,,,,,,,,,,,,,,,,,,,,,,,,,,,,,0.01,,,,,,,,,,,,,,,,,,,,,,,,,,,,,,,,,0.02,,,,,,,,,,,,,,,,,,,,,,,,,,,,,,,,,,,,,,,,,,,,,,,0.11,0.22,0.11,0.07,0.27,2.46,0.07,0.57,0.11,,,,,,,0.47,,,0.05,,,,,,,,,,,,,,,,,,,,,,,,,,,,,,,,,,,,,,,,,,,,,,,,,,,,,,,,,,,,0.03,,,,,,0.15,0.53,0.17,0.6,0.12,32.55,0.19,0.07,0.08,0.06,0.09,0.31,5.26,1.51,0.32,0.07,0.22,0.19,0.12,,10.39,0.27,,,,,,,,,0.02,,0.03,,,,,,,,,,,,,0.04,,,,,,,,,,,,,,,,,,,,,,,,,,0.0,,,,,0.02,,,,,,,,0.08,,,,,,,,,,,,0.02,,,,,,,,,,,,,,,,,,,,,,,,,,,,,,,,,,,,,,,,,,,,,,,,,,,,,,,,,,,,,,,,,,,,
Jieyangshi_445200,,,,,,,,,,,,,,,,,,,,,,,,,,,,,,,,,,,,,,,,,,,,,,0.01,,,,,,0.04,,,,,,,,,,,,,0.02,,,,,,,0.37,,,,,,,,,,,,,,,,,,,,,,,,,,,,,,,,,,,,,,,0.03,,,0.06,0.11,0.13,0.08,0.28,0.7,0.06,0.38,0.07,,,,,,,0.96,0.18,,0.13,,,,,,,,,,,,,,,,,,,,,,,,,,,,0.02,,0.09,,,,,,,,,,,,0.05,,,,,,,,,0.04,,,,,,0.04,,0.03,0.05,,0.11,0.03,0.04,,0.05,1.21,0.51,2.05,0.33,31.42,0.44,0.19,0.24,0.12,0.24,1.58,11.27,13.41,1.69,0.29,0.51,0.79,0.3,17.49,,0.45,0.03,0.01,0.08,0.09,,0.05,0.02,0.05,0.08,0.03,0.16,0.02,,0.02,,,,0.01,,,,,0.02,,,0.01,,0.03,0.02,0.02,,0.02,,,,,,,,,,,,,,,,,0.03,0.0,,,,,,0.02,0.02,,,,0.04,,0.07,,,,0.02,,,,,,,,,,,,,,,,,0.09,,,,,,,,,,,,,,,,,,,,,0.02,0.03,,,,,,,,,,,,,,,,,,,,0.01,,,,,,,,0.02,,,,,,0.01,,,
Yunfushi_445300,,,,,,,,,,,,,,,,,,,,,,,,,,,,,,,,,,,,,,,,,,,,,,,,,,,,,,,,,,,,,,,,,,,,,,,,,,,,,,,,,,,,,,,,,,,,,,,,,,,,,,,,,,,,,,,,,,,,,,,,,,,,,,,,,,,,,,,,,,,,,,,,,,,,,,,,,,,,,,,,,,,,,,,,,,,,,,,,,,,,,,,,,,,,,,,,,0.03,0.08,0.07,,,,1.56,0.37,0.53,0.79,,2.99,3.38,0.89,2.81,12.8,0.26,0.19,0.09,0.23,5.82,0.99,0.61,1.3,0.05,0.11,,0.09,0.04,0.08,3.35,0.05,,0.12,0.46,0.65,0.09,0.63,0.07,0.07,0.12,,,,,,,,,,,,,,,,,0.04,,,,,,,,,,,,,,,,,,,,,,,,0.02,,,,,,,0.09,,,,0.02,,0.02,0.01,,,,,0.02,0.14,,,,,,,,,,,,,,0.07,,,,,,,,,,,,,,,,0.02,,,,,,,,,,,,,,,,,,,,,,,,,,,,,,,,,,,,,,
Nanningshi_450100,,,0.04,,,,,,,,,,0.03,,,,,,,0.02,0.11,,,,,,,,,,,,,,,,0.06,0.23,0.03,,0.12,0.04,0.06,,,,,,,,0.06,,,,0.02,,,,,,0.05,0.03,,,,,,,,0.05,,,0.09,0.05,,0.08,,,,0.06,,,,,,,0.05,,,,,,,0.09,,,,,,0.03,,,,0.02,0.03,,,,,,,,,0.19,0.05,0.09,,0.13,0.1,0.07,0.04,0.06,0.09,,0.12,0.08,0.05,0.05,0.16,0.14,0.08,0.07,,,0.04,,,,,,,,,,0.06,,,,,0.04,0.03,0.13,,,0.04,,,,,,,0.13,,,,0.06,,0.11,0.04,,,0.1,,,,0.05,0.05,0.12,,0.16,0.09,,,,0.09,0.1,0.07,0.28,0.27,0.07,0.11,0.16,0.08,0.07,0.48,0.2,0.15,0.1,0.33,0.16,0.36,0.18,0.15,0.33,0.33,1.67,0.66,0.32,0.21,,0.19,0.08,0.42,0.2,0.33,0.38,0.15,0.14,0.4,,11.62,13.79,11.66,22.55,36.83,39.0,28.14,25.57,45.51,6.66,45.16,19.08,70.3,0.15,0.15,,0.08,,0.09,0.06,0.06,0.14,0.04,0.05,0.04,0.12,0.06,0.04,0.09,,0.02,0.08,0.16,0.04,0.02,0.07,0.02,0.01,0.08,,0.03,0.01,0.03,0.01,0.0,0.03,0.02,0.04,,,0.01,,0.02,0.07,0.11,0.07,0.11,0.07,0.08,0.12,0.63,0.22,0.24,0.23,0.24,0.13,0.07,0.08,0.14,0.1,0.19,0.12,0.36,1.44,1.14,0.16,0.07,0.03,,0.09,,,,,,,0.06,,,,,,,,,,,,,0.02,,,,,,,0.01,,,,,,,,,,,,,,,,,,,,,,,,,,,,,,,,,,,
Liuzhoushi_450200,,,,,,,,,,,,,,,,,,,,,,,,,,,,,,,,,,,,,,,,0.05,,,,,,,,,,,,,,,,,,,,,,,,,,,,,,,,,,,,,,,,,,,,,,,,,,,,0.06,,,,,,,,,,,,,,0.05,,,,,,,,,,,,,0.03,,0.04,,,,0.05,,0.05,,,,0.04,,,,,,,,,,,,,,,,,,,,,,,,,,,,,,,,,,,,,,,,,,,,,,,,,0.04,,,,,0.05,0.04,0.04,0.26,0.31,,0.09,0.05,0.08,0.13,0.46,1.3,0.1,0.04,0.11,0.12,0.11,0.08,,0.11,0.16,0.48,0.23,0.22,0.07,0.04,0.03,0.02,0.15,0.06,0.09,0.12,,0.06,0.09,7.49,,15.73,3.73,2.31,5.35,1.82,6.39,3.5,2.11,4.36,19.75,51.55,1.49,,,,,,,,,0.04,,,0.01,0.03,,,,0.03,,0.02,0.07,,,,,,,,,0.01,,,,0.02,,,,0.03,,,,,0.07,0.03,0.05,0.06,0.03,0.09,0.11,3.52,0.17,0.05,0.03,,,0.03,,,,,0.04,0.24,,,,0.03,,,,,,,,,,,,,,,,,,,,,,,,,,,,,,,,,,,,,,,,,,,0.01,,,,,,,,,,,,,,,,,,,,,
Guilinshi_450300,,,,,,,,,,,,,,,,,,,,,,,,,,,,,,,,,,,,,,,0.03,,0.09,,0.04,0.04,0.04,,,,,,,0.03,0.04,0.01,,,,,,,,,,0.01,,,,,,,,0.18,,,,0.08,,,,,0.07,,,,,,,,,,,,,,,,,,,,,,,,,,,,,,,,,,,,0.03,,0.05,0.04,0.04,,0.04,0.05,0.14,,0.04,,0.19,0.19,0.11,0.09,,,,,,,,,,,,,0.06,,,,,,,,,,,,,,,,,,,,,,,0.05,0.04,,0.07,0.06,,0.07,0.03,0.06,0.04,0.08,,0.09,0.07,0.03,0.08,,0.11,0.11,0.12,0.75,2.77,0.14,0.14,0.24,0.1,0.53,7.83,1.08,0.3,0.11,0.26,0.2,0.3,0.13,0.06,0.26,0.26,0.38,0.22,0.39,0.18,0.09,0.08,0.05,0.16,0.21,0.2,0.21,0.14,0.11,0.2,4.99,11.5,,5.32,1.98,1.64,1.06,2.28,1.66,1.39,20.93,2.79,4.39,1.29,0.05,0.08,,,0.02,0.04,,,0.04,0.04,0.02,0.05,0.01,0.06,0.04,0.05,,0.05,,0.12,0.02,0.01,,0.01,0.01,0.02,,,,0.01,,,0.03,,,0.02,,,,0.01,,0.12,0.04,0.12,0.07,0.09,0.16,0.08,0.89,0.23,0.06,0.07,,,0.07,,0.01,0.03,0.04,0.06,0.24,0.11,0.06,,,,,,,,,,,,,,,,,,,,,,,,,,,,,,,,,,,,,,,,,,,0.04,,,0.01,,,0.01,,,,,,,,,,,,,,,,,
Wuzhoushi_450400,,,,,,,,,,,,,,,,,,,,,,,,,,,,,,,,,,,,,,,,,0.04,,,,,,,,,,,,,,0.02,,,,,,,,,,,,,,,,,,,,,,,,,,,,,,,,,,,,,,,,,,,,,,,,,,,,,,,,,,,,,0.04,,,0.03,,,,,,,,,,0.09,,,,,,,,,,,,,,,,,,,,,,,,,,,,,,,,,,,,,,,,,,,,,,,,,,,,,,,,,,0.02,0.04,0.07,,,0.03,,0.08,0.22,,0.05,,0.4,0.1,0.24,0.22,0.03,0.92,0.76,0.37,1.01,2.49,0.11,0.03,0.03,0.07,0.46,0.23,0.27,0.88,0.02,0.06,3.47,2.5,1.31,4.16,,0.95,0.38,0.55,8.89,5.26,0.54,19.2,0.43,1.28,0.5,,,,,,,,,0.02,,,,,,0.04,0.02,0.04,,,,,,,,,,,,,,,,,,,,,,,,,,,,,,,0.08,0.09,,,,0.02,,,,,,,,0.09,,,,,,,,,,,,,,,,,,,,,,,,,,,,,,,,,,,,,,,,,,,,,,,,,,,,,,,,,,,,,,,,,,,,
Beihaishi_450500,,,,,,,,,,,,,,,,,,,,,,,,,,,,,,,,,,,,,,,,,,,,,0.03,,,,,,,,,,,,,,,,,0.18,,0.01,,,,,,0.05,,,,,,,,,,0.04,,,,,,,,,,,,,,,,,,,,,,,,,,,,,,,,,,,,,,,,,,,,,,,,,,,,,,,,,,,,,,,,,,,,,,,,,,,,,,,,,,,,,,,,,,,,,,,,,,,,,,,,,,,,,,,,,,,,,,,0.05,,0.05,0.03,,0.05,0.05,3.0,0.36,0.04,,0.03,0.02,,0.27,0.02,0.03,0.04,,,0.12,4.79,0.57,0.96,0.55,,4.26,18.36,0.98,5.55,0.83,0.31,0.59,0.4,0.96,0.04,0.1,,0.08,,0.05,0.04,0.05,0.1,,,0.07,0.17,,,0.18,,,0.02,,0.03,0.01,,0.01,,,,,,,,,0.03,,,,,0.01,,,,0.03,,0.02,0.01,0.02,,0.03,0.04,0.02,,,0.03,,,,,,,0.03,0.12,0.2,0.03,,,,,,,,,,,,,,,,,,,,,0.03,,,,,,,,,,0.02,,,,,,,,,,,,,,,,,,,,,,,,,,,,,,,,,,0.01,
Fangchenggangshi_450600,,,,,,,,,,,,,,,,,,,,,,,,,,,,,,,,,,,,0.04,,,,,,,,,,,,,,,,,,,,,,,,,,,,0.01,,0.11,,,,,,,,,,,,,,,,,,,,,,,,,,,,,,,,,,,,,,,,,,,,,,,,,,,,,,,,,,,,,,,,,,,,,,,,,,,,,,,,,,,,,,,,,,,,,,,,,,,,,,,,,,,,,,,,,,,,,,,,,,,,,,,,,,,,,,,,,,,,0.1,0.02,,,,,,0.07,,,,,,,1.54,0.06,0.24,0.09,0.87,,5.85,0.08,0.15,0.38,0.03,0.14,0.12,2.12,,,,,,,0.01,,,,,0.07,,,,,,,,,,,,,,,,,,,,,,,,,,,,,,,,,,,,0.02,,,,,0.02,,,,,,,,0.13,,,,,,,,,,,,,,,,,,,,,,,,,,,,,,,,,,,,,,,,,,,,,,,,,,,,,,,,,,,,,,,,,,,,
Qinzhoushi_450700,,,,,,,,,,,,,,,,,,,,,,,,,,,,,,,,,,,,,,,,,,,,,,,,,,,,,,,,,,,,,,,,,,,,,,,,,,,,,,,,,,,,,,,,,,,,,,,,,,,,,,,,,,,,,,,,,,,,,,,,,,,,,,,,,,,,,,,,,,,,,,,,,,,,,,,,,,,,,,,,,,,,,,,,,,,,,,,,,,,,,,,,,,,,,,,,,,,0.05,,,,0.1,,0.07,0.04,,0.17,0.15,0.68,0.24,0.17,0.06,0.02,,,0.19,0.06,0.28,0.23,,,0.12,9.07,0.58,1.4,0.81,23.08,23.3,,1.98,5.68,1.38,0.4,0.52,0.83,2.89,,,,0.06,,,,0.02,,,0.05,0.03,0.03,0.03,0.02,,,,0.02,,,,,,,,,,,,,,,,,,,,,,,,,0.02,,,,0.08,,0.03,,,,,,,0.03,,,0.04,0.21,,,,,,,,0.03,,,,,,,,,,,,,,,,,,,,,,,,,,,,,,,,,,,,,,,,,,,,,,,,,,,,,,,,,,,,
Guigangshi_450800,,,,,,,,,,,,,,,,,,,,,,,,,,,,,,,,,,,,,,,,,,,,,,,,,,,,,,,,,,,,,,,,,,,,,,,,,,,,,,,,,,,,,,,,,,,,,,,,,,,,,,,,,,,,,,,,,,,,,,,0.06,,,,,,,,,,,,,,,,,,,,,,,,,,,,,,,,,,,,,,,,,,,,,,,,,,,,,,,,,0.04,,,,,,,,,,,,0.07,,,,,,0.07,0.09,0.06,,,0.3,0.09,0.21,0.14,0.04,0.78,0.59,0.47,0.39,0.59,0.17,0.06,0.07,0.1,0.32,0.21,0.25,1.07,0.04,0.06,0.65,8.4,4.22,3.61,12.55,2.7,1.12,2.84,,16.72,2.18,1.76,1.39,7.27,1.29,0.01,,,,,,,,,0.01,0.02,,0.01,,,,,,,,,,,,,,,0.0,0.0,0.01,,,,,,,,,,,,,,,0.03,,0.03,0.05,0.07,0.06,,0.02,,0.02,0.02,,,,0.02,0.04,0.2,,,,0.03,,,0.02,,,,,,,,,,,,,,,,,,,,,,,,,,,,,,,,,,,,,,,,,,,,,0.02,,,,,,,,,,,,,,,,
Yulinshi_450900,,,,,,,,,,,,,,,,,,,,,,,,,,,,,,,,,,,,,,,,,,,,,,,,,,,,,,,,,,,,,,,,,,,,,,,,,,,,,,,,,,,,,,,,,,,,,,,,,,,,,,,,,,,,,,,,,,,,,,,0.03,,,,,,,,,,0.1,,,,,,,,,,,,,,,,,,,,,,,,,,,,,,,,,,,,,,0.1,,,,,,,,,,,,,,,,,,,0.02,0.03,0.05,0.06,0.03,,0.1,,0.07,0.11,0.04,0.02,,0.27,0.08,0.4,0.19,0.05,0.5,0.47,7.59,8.43,0.38,0.23,0.04,0.1,0.13,0.78,0.16,0.56,0.47,0.04,0.07,1.15,10.34,2.84,3.41,9.39,13.14,2.72,9.74,18.36,,2.04,1.96,1.23,1.85,1.44,0.04,,,0.09,0.04,0.04,0.02,0.02,0.04,,,0.01,0.03,0.06,0.08,,0.04,0.05,0.08,,,,,,,,,,,0.01,,,,,,,,,,,,0.02,0.02,,,,,0.11,0.09,0.06,0.06,0.04,0.06,0.04,,,,,0.04,0.06,0.31,0.17,0.03,0.11,,,,,,,0.01,,,,,,,,,,,,,,,,,,,,,,,,,,,,,,,,,,,,,,,,,,,,,,,,,,,,,,,,,,
Baiseshi_451000,,,,,,,,,,,,,,,,,,,,,,,,,,,,,,,,,,,,,,,,,,,,,,,,,,,,,,,,,,,,,,0.03,,,,,,,,,,,,,,,,,,,,,,,,,,,,,,,,,,,,,,,,,,,,,,,,,,,,,,,,,,,,,,,,,,,,,,,,,,,,,,,,,,,,,,,,,,,,,,,,,,,,,,,,,,,,,,,,,,,,,,,,,,,,,0.02,,0.06,,,,,0.05,0.05,,,0.04,0.06,,0.08,0.07,0.13,0.15,0.31,0.16,0.22,0.19,0.22,,0.09,0.09,0.21,0.08,0.26,0.25,0.07,0.07,0.12,9.6,0.63,1.74,0.5,1.18,1.59,1.98,1.41,0.91,,0.25,7.71,0.68,5.3,,,,,,,0.02,,,0.01,,0.03,,,,0.05,0.03,0.02,,,,0.02,0.08,,,,,0.02,0.02,,,,,0.02,,,,0.01,,,0.12,0.05,0.16,0.06,0.12,0.05,0.05,8.97,0.09,0.26,0.21,1.41,0.24,0.05,0.04,0.05,,0.07,0.16,0.28,9.98,0.11,0.1,0.05,,,,,,,,,,,,,,,,,,,,,,,,,,,,,,,,,,,,,,,,,,,,,,,,,,,,,,,,,,,,,,,,,
Hezhoushi_451100,,,,,,,,,,,,,,,,,,,,,,,,,,,,,,,,,,,0.03,,,,,,,,,,,,,,,,,,,,,,,,,,,,,,,,,,,,,,,,,,,,,,,,,,,,,,,,,,,,,,,,,,,,,,,,,,,,,,,,,,,,,,0.03,,,,,,,,0.06,,,,,,,,,,,,,,,,,,,,,,,,,,,,,,,,,,,,,,,,,,,,,,,,,,,0.06,,,,,,,0.01,0.06,0.07,0.03,,,,0.15,4.01,0.12,,,0.21,0.16,0.15,0.11,0.03,0.43,0.31,0.2,0.19,1.33,0.08,0.04,0.03,0.07,0.15,0.59,0.16,0.43,,0.07,0.35,0.99,1.23,7.74,13.46,0.37,0.32,0.26,0.69,0.61,0.19,,0.28,0.56,0.19,,,,,,,,,,,,0.01,0.03,,,0.03,0.02,,0.02,,,,,,,,,,,,,,,,,,,,,,,0.05,0.01,0.04,0.04,0.07,,0.02,0.18,0.06,,,,,,,0.01,,,,,,,,,,,,,,,,,,,,,,,,,,,,,,,,,,,,,,,,,,,,,,,,,,,,,,,,,,,,,,,,,,,,,,,,
Hechishi_451200,,,,,,,,,,,,,,,,,,,,,,,,,,,,,,,,,,,,,,,,,,,,,,,,,,,,,,,,,,,,,,,,,,,,,,,,0.18,,,,,,,,,,,,,,,,,,,0.05,,,,,,,,,,,,,0.02,,,,,,,,,,,,,,,,,,,,,,,,,,,,,,,,,,,,,,,,,,,,,,,,,,,,,,,,,,,,,,,,,,,,,,,,,,,,,,,,,,0.02,,0.04,0.1,,,,,,0.05,0.12,0.02,,0.05,0.07,0.11,0.05,0.04,0.12,0.24,0.23,0.12,0.17,0.11,,0.09,0.07,0.29,0.05,0.22,0.17,0.06,0.04,0.12,11.77,11.99,2.85,0.91,1.33,1.35,1.11,1.33,0.83,11.36,0.8,,5.03,1.67,,,,0.02,0.02,0.02,0.02,0.03,0.02,,,,,,,0.08,0.03,,,,,0.02,,,,,,0.01,0.01,,0.02,,0.01,0.01,0.02,,,,,0.01,,0.09,0.02,0.1,0.06,0.06,0.11,0.35,0.49,2.55,,0.04,0.02,,0.03,,0.03,0.01,,0.09,0.57,0.05,,0.01,,,,,,,,,,,,,,,,,,,,,,0.03,,,,,,,,,,,,,,,,,,,,,,,,,,,,,,,,,,,,,,,,,,,
Laibinshi_451300,,,,,,,,,,,,,,,,,,,,,,,,,,,,,,,,,,,,,,,,,,,,,,,,,,,,,,,,,,,,,,,,,,,,,,,,,,,,,,,,,,,,,,,,,,,,,,,,,,,,,,,,,,,,,,,,,,,,,,,0.02,,,,,,,,,,,,,0.09,,,,,,,,,,,,,,,,,,,,,,,,,,,,,,,,,,,,,,,,,,,,,,0.05,,,,,,,,,,0.05,0.11,,0.03,,0.02,,0.12,0.08,0.02,,0.04,0.03,0.07,0.04,,0.07,0.13,0.12,0.16,0.09,0.04,,,,0.05,0.03,0.09,0.13,,,0.14,6.16,42.75,4.27,2.09,1.1,1.0,1.18,8.25,1.53,1.01,1.17,5.08,,1.07,,,,,,,,,0.04,,,,0.03,,0.02,,,,,,,,,0.01,,,,,,,,,,0.01,,0.01,,,,,,,0.01,,,,,0.03,0.11,0.03,,0.02,,,,,0.04,,,,0.06,,,0.01,,,,,,0.03,,,,,,,,,,,,,,,,,,,0.03,,,,,,,,,,,,,,,,,,,,,,,,,,,,,,,,,,,,,,,,
Chongzuoshi_451400,,,,,,,,,,,,,,,,,,,,,,,,,,,,,,,,,,,,,,,,,,,,,,,,,,,,,,,,,,,,,,,,,,,,,,,,,,,,,,,,,,,,,,,,,,,,,,,,,,,,,,,,,,,,,,,,,,,,,,,,,,,,,,,,,,,,,,,,,,,,,,,,,,,,,,,,,,,,,,,,,,,,,,,,,,,,,,,,,,,,,,,,,,,,,0.03,,,,,,,,,,,,0.06,,0.05,0.03,0.08,0.16,0.04,0.03,,,,,0.13,,0.06,0.07,,,0.07,9.3,0.27,0.65,0.35,1.02,5.71,2.3,0.41,0.44,5.07,0.07,0.53,0.32,,,,,0.02,,,,,,,,,,,,,,,,,,,,,,,,,,,,,,,,,,,,,,,,,0.02,,,,,0.02,,,0.03,,,,,,,0.1,0.36,,,0.03,,,,,,,,,,,,,,,,,,,,,,,,,,,,,,,,,,,,,,,,,,,,,,,,,,,,,,,,,,,,,,,,,
Haikoushi_460100,0.14,0.11,0.04,,,,,,,,,0.03,,0.07,0.08,0.05,,,,0.04,0.16,0.06,0.14,,0.15,0.07,,,,,0.2,,,0.06,0.02,,0.06,0.17,0.03,0.09,,0.06,0.06,,,,,,0.02,,0.12,0.05,,,0.02,,0.01,0.03,0.08,0.37,0.05,0.03,0.03,0.01,0.11,0.18,,0.09,0.28,0.07,0.07,0.18,0.1,0.04,,0.07,,,,,0.03,0.07,,,0.09,0.11,,,,,,,,,0.06,,,,,,,,0.04,,,0.11,,0.04,,,,,,0.04,0.03,,0.05,,0.03,0.03,,,0.08,,0.08,,,,0.08,,0.04,,,0.04,,,,,,,,,,,,,,,0.06,0.05,0.03,,,,,0.04,0.06,,0.03,,,0.09,,0.05,,,,0.07,0.03,0.07,0.1,0.06,,,,0.05,,,0.07,,,,0.03,,0.08,0.04,,0.16,0.04,,0.11,0.06,0.02,0.06,0.05,0.09,,,0.11,0.03,0.12,0.1,0.04,0.04,0.03,3.73,0.3,0.02,0.03,0.1,0.04,0.02,0.15,0.07,0.02,0.02,0.04,0.05,0.02,0.16,0.03,0.26,0.04,0.41,0.15,0.09,0.04,0.14,0.02,,0.02,0.03,0.05,,13.63,34.11,36.72,16.17,30.74,58.62,31.75,25.37,54.25,43.97,60.3,49.39,24.02,30.55,16.43,14.64,13.46,32.03,0.16,0.04,0.02,,0.04,0.02,0.05,,0.02,0.01,0.03,,0.02,,0.03,,0.04,0.08,0.0,,0.01,,0.04,0.02,,,,,,,0.03,0.11,0.04,0.02,,0.02,0.06,0.03,,0.05,0.04,,,0.03,0.05,,,,,,,,,,0.08,0.07,,,,,,,,,,,,,0.04,0.03,0.03,,,,,,,,,,,,,,,,,,,,,0.08,,,,0.01,,,,,,,,,,0.01,,,,
Sanyashi_460200,0.28,0.14,0.12,0.1,,0.06,,0.05,0.03,,0.08,0.08,0.07,0.14,0.04,0.05,0.04,,,0.03,0.27,,,,0.06,0.09,,,,0.07,0.23,,0.01,,,,0.19,0.29,0.08,0.07,0.03,0.08,,0.26,0.07,0.08,0.03,0.06,0.04,,0.34,0.21,0.05,0.04,0.07,0.15,0.04,0.07,0.05,1.01,0.32,0.12,0.35,0.29,0.31,0.14,0.37,0.23,0.3,0.42,0.13,0.28,0.21,0.09,,,,,,,,,,,,,0.07,,,,,,,,,,0.04,0.04,,,,0.05,,,,,,,,,,,,0.07,0.03,,,0.05,,,,,0.08,,0.08,0.06,0.03,0.04,,0.09,0.05,,,0.07,0.06,0.03,,0.05,,,,0.02,0.06,,,,0.05,0.04,,0.04,,,,0.04,0.03,0.06,,,,,,,,,0.06,,,0.05,,,0.05,,0.01,,,0.05,,,,,,,,,0.08,0.04,0.03,,0.03,,0.05,,,,,,,,0.06,,0.09,0.03,0.03,0.02,,0.65,0.09,,,,,,0.02,0.02,,,,0.04,0.01,0.05,,0.13,,0.35,,0.04,,0.03,,,,0.01,0.05,6.08,,10.58,10.47,17.13,9.57,4.27,19.03,17.82,2.87,3.43,2.88,4.41,2.87,7.84,42.17,41.22,34.29,4.51,0.23,0.16,0.01,0.02,0.03,0.01,0.04,,0.02,0.0,0.03,0.02,0.02,0.01,0.01,0.04,,,0.01,0.01,,,0.05,,,,,,,,,,,0.02,,,0.05,0.03,,,,,0.08,0.05,,,0.06,0.06,,,,0.01,0.02,,,,,,,,,,,,0.04,,,,,,,,,,,,0.06,0.01,0.07,0.02,,,,,,,0.05,,,,,0.15,,0.02,,0.05,0.04,,,,,,0.01,0.0,0.01,0.03,,,,
Sanshashi_460300,,,,,,,,,,,,,,,,,,,,,,,,,,,,,,,,,,,,,,,,,,,,,,,,,,,,,,,,,,,,,,,,,,,,,,,,,,,,,,,,,,,,,,,,,,,,,,,,,,,,,,,,,,,,,,,,,,,,,,,,,,,,,,,,,,,,,,,,,,,,,,,,,,,,,,,,,,,,,,,,,,,,,,,,,,,,,,,,,,,,,,,,,,,,,,,,,,,,,,,,,,,,,,,,,,,,,,,,,,,,,,,,,0.05,,,,,,,,,,,,,,,,,,,,,0.03,,,,,,,,,,,,,,,,,,,,,,,,,,,,,,,,,,,,,,,,,,,,,,,,,,,,,,,,,,,,,,,,,,,,,,,,,,,,,,,,,,,,,,,,,,,,,,,,,,,,,,,,,,,,,,,,,,,,
Danzhoushi_460400,,,,,,,,,,,,,,,,,,,,,,,,,,,,,,,,,,0.01,,,,,,,,,,,,,,,,,,,,,,,,,,,,,,,,,0.03,,,0.07,,,,,,,,,,,,,,,,,,,,,,,,,,,,,,,,,,,,,,,,,,,,,,,,,,,,,,,,,,0.04,,,,,,,,,,,,,,,,,,,,,,,,,,,,,,,,,,,,,,,,,,,,,,,,,,,,,,,,,,,,,,,,,,,,,,,,,,0.04,,,,0.23,0.02,,,,,,0.05,,,,,,,,,,,0.15,0.15,0.02,,0.02,,,,,,9.64,4.44,1.17,,6.18,4.87,4.22,5.78,9.37,3.46,5.27,7.71,20.17,31.35,14.93,4.54,3.42,2.68,13.56,,,,,,,,,,,,,,,,,,,,,,,,,,,,,,,,,,,,,,,,,,,,,,,,,,,,,,,,,,,,,,,,,,,,,,,,,,,,,,,,,,,,,,,,,,,,,,,,,,,,,,,,,,,,,,
Wuzhishanshi_469001,,,,,,,,,,,,,,,,,,,,,,,,,,,,,,,,,,,,,,,,,,,,,,,,,,,,,,,,,,,,,,,,,,,,,,,,,,,,,,,,,,,,,,,,,,,,,,,,,,,,,,,,,,,,,,,,,,,,,,,,,,,,,,,,,,,,,,,,,,,,,,,,,,,,,,,,,,,,,,,,,,,,,,,,,,,,,,,,,,,,,,,,,,,,,,,,,,,,,,,,,,,,,,,,,,,,,,,,,,,,,,,,,,,,,,,,,,0.74,1.57,,0.74,,0.49,0.42,0.84,1.09,0.51,0.74,0.34,0.46,0.96,0.45,2.44,1.18,7.81,2.97,,,,,,,,,,,,,,,,,,,,,,,,,,,,,,,,,,,,,,,,,,,,,,,,,,,,,,,,,,,,,,,,,,,,,,,,,,,,,,,,,,,,,,,,,,,,,,,,,,,,,,,,,,,,,,
Qionghaishi_469002,,,,,,,,,,,,,,,,,,,,,,,,,,,,,,,,,,,,,,,,,,,,,,,,,,,,,,,,,,,,,,,,,0.08,,,,,,,,,,,,,,,,,,,,,,,,,,,,,,,,,,,,,,,,,,,,,,,,,,,,,,,,,,,,0.04,,,,,,,,,,,,,,,,,,,,,,,,,,,,,,,,,,,,,,,,,,,,,,,,,,,,,,,,,,,,,,,,,,,,,,,,,,,,,,,,,0.08,,,,,,,,,,,,,,,,,,,,,,,,,,,,6.81,3.77,10.58,2.88,2.43,,9.86,11.06,0.98,10.6,4.02,2.47,1.0,0.87,1.61,1.13,3.47,3.06,3.56,,,,,,,,,,,,,,,,,,,,,,,,,,,,,,,,,,,,,,,,,,,,,,,,,,,,,,,,,,,,,,,,,,,,,,,,,,,,,,,,,,,,,,,,,,,,,,,,,,,,0.02,,,,,,,,,,
Wenchangshi_469005,,,,,,,,,,,,,,,,,,,,,,,,,,,,,,,,,,,,,,,,,,,,,,,,,,,,,,,,,,,,,,,,0.01,,,,,,,,,,,,,,,,,,,,,,,,,,,,,,,,,,,,,,,,,,,,,,,,,,,,,,,,,,,,,,,,,,,,,,,,,,,,,,,,,,,,,,,,,,,,,,,,,,,,,,,,,,,,,,,,,,,,,,,,,,,,,,,,,,,0.04,,,,,,,,,,,0.28,0.04,,,,,,,,,,,,,,,,,0.08,,0.04,,,,,,,,13.79,1.93,21.17,2.29,1.25,8.35,,2.68,0.93,3.03,2.58,2.59,2.03,1.74,1.28,0.94,2.04,1.13,2.35,0.08,,,,0.01,0.0,,,,,,,,,,,,,,,,,,,,,,,,,,,,,,,,,,,,,,,,,,,0.02,,,,,,,,,,,,,,,,,,,,,,,,,,,,,,,,,,,,,,,,,,,,,,,,,,,,,,,,,,,,,
Wanningshi_469006,,,,,,,,,,,,,,,,,,,,,,,,,,,,,,,,,,,,0.04,,,,0.02,,,,,,,,,,,,,,,0.04,,,,,,,0.03,,,0.03,0.03,,,0.06,,,,,,,,,,,,,,,,,,,,,,,,,,,,,,,,,,,,,,,,,,,,,,,,,,,,,,,,,,,,,,,,,,,,,,,,,,,,,,,,,,,,,,,,,,,,,,,,,,,,,,,,,,,,,,,,,,,,,,,,,,,,0.02,,,,,,,,,,,,,0.09,,,,,,,,,,,,,,,,,,0.12,,,,,,,,,,7.87,7.28,2.35,3.37,5.2,15.04,4.32,,1.91,3.06,2.94,2.06,1.26,2.9,1.26,2.28,11.66,7.37,7.42,,,0.01,,,,,,,,,,,,,,,,,,,,,,,,,,,,,,,,,,,,,,,,,,,,,,,,,,,,0.06,,,,,,,,,,,,,,,,,,,,,,,,,,,,,,,,,,,,,,,,,,,,,,,,,,,,,,,
Dongfangshi_469007,,,,,,,,,,,,,,,,,,,,,,,,,,,,,,,,,,,,,,,,,,,,,,,,,,,,,,,,,,,,0.09,0.03,0.06,0.03,,0.05,,0.02,,,,,0.09,,,,,,,,,,,,,,,,,,,,,,,,,,,,,,,,,,,,,,,,,,,,,,,,,,,,,,,,,,,,,,,,,,,,,,,,,,,,,,,,,,,,,,,,,,,,,,,,,,,,,,,,,,,,,,,0.02,,,,,,,,,,,,,,,,,,,,,,,0.07,0.02,,,,,,,,,,,,,,,,,,,,,,,,0.01,,,3.07,4.61,,3.58,3.15,0.89,0.61,1.17,,0.77,0.94,1.2,1.15,4.55,18.06,14.02,1.16,1.65,1.32,,,,,,,,,,,,,,,,,,,,,,,,,,,,,,,,,,,,,,,,,,,0.08,,,,,,,,,,,,,,,,,,,,,,,,,,,,,,,,,,,,,,,,,,,,,,,,,,,,,,,,,,,,,,,,,,,
Dinganxian_469021,,,,,,,,,,,,,,,,,,,,,,,,,,,,,,,,,,,,,,,,,,,,,,,,,,,,,,,,,,,,,,,,,,,,,,,,,,,,,,,,,,,,,,,,,,,,,,,,,,,,,,,,,,,,,,,,,,,,,,,,,,,,,,,,,,,,,,,,,,,,,,,,,,,,,,,,,,,,,,,,,,,,,,,,,,,,,,,,,,,,,,,,,,,,,,,,,,,,,,,,,,,,,,,,,,,,,,,,,,,,,,,,,,,,,,,,,,7.23,0.81,,1.0,1.68,6.4,2.32,1.29,0.46,,9.84,2.62,0.75,0.68,0.45,0.37,0.6,0.43,1.62,,,,,,,,,,,,,,,,,,,,,,,,,,,,,,,,,,,,,,,,,,,,,,,,,,,,,,,,,,,,,,,,,,,,,,,,,,,,,,,,,,,,,,,,,,,,,,,,,,,,,,,,,,,,,0.01,
Tunchangxian_469022,,,,,,,,,,,,,,,,,,,,,,,,,,,,,,,,,,,,,,,,,,,,,,,,,,,,,,,,,,,,,,,,,,,,,,,,,,,,,,,,,,,,,,,,,,,,,,,,,,,,,,,,,,,,,,,,,,,,,,,,,,,,,,,,,,,,,,,,,,,,,,,,,,,,,,,,,,,,,,,,,,,,,,,,,,,,,,,,,,,,,,,,,,,,,,,,,,,,,,,,,,,,,,0.04,,,,,,,,,,,,,,,,,,,,,,,,,,,,4.26,0.61,,1.17,2.8,2.43,1.18,0.78,0.6,7.18,,2.5,0.55,0.78,0.67,0.46,0.63,0.61,15.53,,,,,,,,,,,,,,,,,,,,,,,,,,,,,,,,,,,,,,,,,,,,,,,,,,,,,,,,,,,,,,,,,,,,,,,,,,,,,,,,,,,,,,,,,,,,,,,,,,,,,,,,,,,,,,
Chengmaixian_469023,,,,,,,,,,,,,,,,,,,,,,,,,,,,0.07,,,0.05,,,,,,,,,,,,,,,,,,0.01,,,,,,,,,0.02,,,,,,,,,,,,0.02,,,,,,,,,,,,,,,,,,,,,,,,,,,,,,,,,,,,,,,,,,,,,,,,,,,,,,,,,,,,,,,,,,,,,,,,,,,,,,,,,,,,,,,,,,,,,,,,,,,,,,,,,,,,,,,,,,,,,,,,,,,,,,,,,,,,,,,,0.26,0.06,,,,,,,,,,,,,,,,,,0.05,,,0.01,,,,,,13.33,1.27,,5.22,1.75,2.51,2.38,1.68,1.85,5.27,8.43,,10.9,2.62,2.62,1.32,1.07,1.08,3.75,,,,,,,,,,,,,,,,,,,,0.0,,,,,,,,,,,,,,,,,,,,,,,,,,,,,,,,,,,,,,,,,,,,,,,,,,,,,0.03,,,,,,,,,,,,,,,,,,,,,,,,,,,,,,,0.0,,0.0,,,,
Lingaoxian_469024,,,,,,,,,,,,,,,,,,,,,,,,,,,,,,,0.05,,,,,,,,,,,,,,,,,,,,,,,,,,,,,,,,,,,,,,,,,,,,,,,,,,,,,,,,,,,,,,,,,,,,,,,,,,,,,,,,,,,,,,,,,,,,,,0.04,,0.03,,,,,,,,,,,,,,,,,,,,,,,,,,,,,,,,,,,,,,,,,,,,,,,,,,,,,,,,,,,,,,,,,,,,,,,,,,,,,,,0.08,,,,,,,0.04,,,,,,,,,,,0.06,,,,,,,,,,7.17,0.89,4.7,10.07,1.27,0.81,1.58,0.63,1.39,1.18,0.89,6.21,,1.9,1.98,0.43,0.67,0.28,0.97,,,,,,,,,,,,,,,,,,,,,,,,,,,,,,,,,,,,,,,0.03,,,,,,,,,,,,,,,,,,,,,,,,,,,,,,,,,,,,,,,,,,,,,,,,,,,,,,,,,,,,,,,,,,,,,,,
Baishalizuzizhixian_469025,,,,,,,,,,,,,,,,,,,,,,,,,,,,,,,,,,,,,,,,,,,,,,,,,,,,,,,,,,,,,,,,,,,,,,,,,,,,,,,,,,,,,,,,,,,,,,,,,,,,,,,,,,,,,,,,,,,,,,,,,,,,,,,,,,,,,,,,,,,,,,,,,,,,,,,,,,,,,,,,,,,,,,,,,,,,,,,,,,,,,,,,,,,,,,,,,,,,,,,,,,,,,,,,,,,,,,,,,,,,,,,,,,,,,,,,,,1.12,0.48,,4.47,2.34,0.49,0.29,0.48,1.3,1.05,0.35,0.57,0.79,,7.16,0.6,0.16,0.43,1.53,,,,,,,,,,,,,,,,,,,,,,,,,,,,,,,,,,,,,,,,,,,,,,,,,,,,,,,,,,,,,,,,,,,,,,,,,,,,,,,,,,,,,,,,,,,,,,,,,,,,,,,,,,,,,,
Changjianglizuzizhixian_469026,,,,,,,,,,,,,,,,,,,,,,,,,,,,,,,,,,,,,,,,,,,,,,,,,,,,,,,,,,,,,,,,,,,,,,,,,,,,,,,,,,,,,,,,,,,,,,,,,,,,,,,,,,,,,,,,,,,,,,,,,,,,,0.04,,,,,,,,,,,,,,,,,,,,,,,,,,,,,,,,,,,,,,,,,,,,,,,,,,,,,,,,,,,,,,,,,,,,,,,,,,,,,,,,,,,,,,,,,,,,,,,,,,,0.08,,,,,,,,,,1.68,1.05,,4.12,1.51,0.37,0.5,0.31,9.92,0.66,0.43,0.71,1.13,13.1,,1.39,0.48,0.3,0.72,,,,,,,,,,,,,,,,,,,,,,,,,,,,,,,,,,,,,,,,,,,,,0.01,,,,,,,,,,,,,,,,,,,,,,,,,,,,,,,,,0.01,,,,,,,,,,,,,,,,,,,,,,,,,,,,,,,,
Ledonglizuzizhixian_469027,,,,,,,,,,,,,,,,,,,,,,,,,,,,,,,0.1,,,,,,,,,,,,,,,,,,,,,,,,0.04,,,,,,,,0.03,,,0.03,0.03,,0.08,0.02,,,,,,,,,,,,,,,,,,,,,,,,,,,,,,,,,,,,,,,,,,,,,,,,,,,,,,,,,,,,,,,,,,,,,,,,,,,,,,,,,,,,,,,,,,,,,,,,,,,,,,,,,,,,,,,,,,,,,,,,,,,,,,,,,,,,,,,,0.07,0.04,,,,,,,,,,,,,,,,,0.17,,,,0.01,,,0.01,,,3.69,18.94,,2.56,12.83,1.49,0.89,1.81,17.21,1.32,2.07,0.87,0.99,3.05,4.8,,2.71,4.48,2.51,,,,,,,,,,,,,,,,,,,,,,,,,,,,,,,,,,,,,,0.01,,,,,,,,,,,,,,,,,,,,,,,,,,,,,,,,,,,,,,,,,,,,,,,,,,,,,,,,,,,,,,,,,,,,,,,,
Lingshuilizuzizhixian_469028,,,,,,,,,,,,,,,,,,,,,,,,,0.04,,,,,,,,,,,,,,,,,,,,,0.01,,,,0.04,,0.04,,,0.02,,0.02,,,0.1,0.06,0.06,,,0.06,,0.1,,0.06,0.02,,,,,,,,,,,,,,,,,,,,,,,,,,,,,,,,,,,,,,,,,,,,,,,,,,,,,,,,,,,,,,,,,,,,,,,,,,,,,,,,,,,,,,,,,,,,,,,,,,,,,,,,,,,,,,,,,,,,,,,,,,,,,,,,,,,,,,,,0.1,0.02,,,,,,,,,,,,,,,,,,,,,,,,,,,2.54,11.08,1.17,1.68,7.24,4.42,1.89,10.2,2.13,0.91,0.97,1.15,0.87,0.99,1.41,2.48,,14.56,2.59,,0.02,,,,,0.03,,,,,,,,0.02,,0.0,,,,,,,,,,,,,,,,,,,,,,,,,,0.14,,,,,,,,,,,,,,,,,,,,,,,,,,,,,,,,,,,,,,,,,,,,,,,,,,,,,,,,,,,,0.01,,,,,,,
Baotinglizumiaozuzizhixian_469029,,,,,,,,,,,,,,,,,,,,,,,,,,,,,,,,,,,,,,,,,,,,,,,,,,,,,,,,,,,,,,0.03,,,0.04,,,,,0.02,,,,,,,,,,,,,,,,,,,,,,,,,,,,,,,,,,,,,,,,,,,,,,,,,,,,,,,,,,,,,,,,,,,,,,,,,,,,,,,,,,,,,,,,,,,,,,,,,,,,,,,,,,,,,,,,,,,,,,,,,,,,,,,,,,,,,,,,,,,,,,,,,,,,,,,,,,,,,,,,,,,,0.82,5.0,,0.76,10.16,0.82,0.31,1.67,0.62,0.29,0.51,0.32,0.11,0.96,0.43,1.08,4.4,,1.13,,,,,,,,,,,,,,,,,,,,,,,,,,,,,,,,,,,,,,,,,,,,,,,,,,,,,,,,,,,,,,,,,,,,,,,,,,,,,,,,,,,,,,,,,,,,,,,,,,,,,,,,,,,,,,
Qiongzhonglizumiaozuzizhixian_469030,,,,,,,,,,,,,,,,,,,,,,,,,,,,,,,,,,,,,,,,,,,,,,,,,,,,,,,,,,,,,,,,,,,,,,,,,,,,,,,,,,,,,,,,,,,,,,,,,,,,,,,,,,,,,,,,,,,,,,,,,,,,,,,,,,,,,,,,,,,,,,,,,,,,,,,,,,,,,,,,,,,,,,,,,,,,,,,,,,,,,,,,,,,,,,,,,,,,,,,,,,,,,,,0.02,,,,,,,,,,,,,,,,,,,,,,,,,,,1.89,0.68,,2.42,4.3,1.49,0.52,2.06,0.34,1.38,10.53,0.8,0.3,2.02,0.39,0.91,0.47,1.88,,,,,,,,,,,,,,,,,,,,,,,,,,,,,,,,,,,,,,,,,,,,,,,,,,,,,,,,,,,,,,,,,,,,,,,,,,,,,,,,,,,,,,,,,,,,,,,,,,,,,,,,,,,,,,,
Chongqingshi_500000,0.38,0.42,0.19,0.1,0.19,0.19,0.09,0.24,0.13,0.11,0.1,0.16,0.1,0.14,0.19,0.19,0.25,0.46,,0.12,0.51,0.1,0.27,0.06,0.18,0.19,0.05,0.06,0.08,0.09,0.11,0.09,0.03,0.06,0.12,0.08,0.22,0.49,0.06,0.06,0.16,0.09,0.07,0.02,0.09,0.02,0.05,0.1,0.07,0.12,0.23,0.18,0.02,0.01,0.06,0.05,0.03,0.05,0.25,0.44,0.08,0.03,0.06,0.01,0.08,0.07,0.04,0.04,0.17,,0.05,0.37,0.57,0.31,0.34,0.17,0.2,0.24,0.36,0.17,0.17,0.16,0.19,0.17,0.17,0.09,0.39,0.64,1.18,0.65,0.31,0.55,0.71,0.38,0.33,0.9,0.42,0.17,0.14,0.12,0.11,0.12,0.06,0.05,0.16,0.39,0.1,0.08,0.06,0.12,0.08,0.14,0.14,0.49,0.25,0.44,0.39,0.9,0.33,0.27,0.23,0.24,0.26,0.16,0.29,0.24,0.14,0.17,0.37,0.26,0.21,0.18,0.15,0.22,0.25,0.16,0.06,0.14,0.18,0.12,0.15,0.12,0.32,0.03,0.12,0.1,0.13,0.08,0.13,0.19,0.07,0.59,0.15,0.1,0.07,0.14,0.15,0.11,0.09,0.12,0.29,0.45,0.11,0.2,0.1,0.2,0.1,0.49,0.21,1.04,4.78,0.59,0.16,0.81,0.31,1.06,0.29,0.31,0.31,24.6,0.3,0.8,0.34,1.17,0.27,0.2,0.18,0.38,0.56,0.23,0.67,0.87,0.19,0.28,0.38,1.66,0.35,6.33,0.32,0.33,0.39,0.29,0.25,0.24,0.26,0.36,0.12,0.28,0.39,0.25,0.3,0.26,0.36,0.29,0.31,0.24,0.54,0.33,0.17,0.37,0.33,1.11,0.25,0.69,0.53,0.2,0.31,0.26,0.31,0.3,0.35,0.11,0.13,0.28,0.65,,0.35,,0.17,0.48,0.21,0.16,0.04,0.02,0.14,0.31,0.12,,0.1,0.42,0.15,,,5.08,6.12,0.94,17.72,2.11,3.31,3.38,12.14,10.87,2.83,10.22,1.77,6.29,47.0,31.84,1.7,7.45,9.76,0.91,1.65,1.84,2.13,1.09,12.73,1.09,1.23,12.21,1.17,1.56,1.3,1.32,0.86,0.74,0.74,2.3,0.68,0.66,0.59,0.58,0.86,0.7,2.78,1.12,1.17,0.06,0.57,2.64,0.67,2.82,2.92,0.9,0.14,1.82,0.4,0.88,1.37,0.81,0.91,0.79,2.32,0.33,3.98,1.31,0.43,0.13,0.15,0.26,0.32,0.27,0.42,0.35,0.09,0.84,0.33,0.97,0.16,0.17,0.67,0.1,0.01,,0.04,0.06,,0.21,0.3,0.25,0.11,0.07,0.07,0.44,0.25,0.08,0.37,0.07,0.11,0.94,1.14,0.14,0.54,0.41,0.11,0.06,0.11,0.16,0.38,0.2,0.09,0.06
Chengdushi_510100,0.57,0.43,0.21,0.08,0.17,0.17,0.12,0.17,0.14,0.12,0.11,0.1,0.09,0.17,0.16,0.13,0.08,0.08,0.08,0.11,0.42,0.08,0.2,0.09,0.22,0.2,0.1,0.14,0.06,0.09,0.42,0.13,0.06,0.13,0.1,0.09,0.25,0.6,0.2,0.1,0.38,0.25,0.08,0.06,0.13,0.05,0.12,0.04,0.02,0.12,0.23,0.1,0.11,0.03,0.04,0.05,0.07,0.09,0.33,0.59,0.15,0.03,,0.11,0.1,,0.04,0.09,0.1,0.07,,,0.47,0.2,0.15,0.22,0.11,0.15,0.29,0.11,0.08,0.13,0.15,0.07,0.16,0.06,0.27,0.37,0.35,0.13,0.13,0.09,0.18,0.08,0.23,0.23,0.06,0.12,0.13,0.05,0.04,0.05,0.06,0.02,0.07,0.24,0.06,0.09,0.05,0.08,0.05,0.04,0.07,0.2,0.15,0.14,0.09,0.18,0.09,0.07,0.1,0.1,0.15,0.07,0.08,0.12,0.09,0.09,0.2,0.12,0.1,0.08,0.12,0.19,0.25,0.08,0.06,0.07,0.27,0.09,0.1,0.08,0.27,0.07,0.13,0.08,0.1,0.02,0.11,0.16,0.09,0.35,0.1,0.09,0.09,0.11,0.11,0.08,0.06,0.07,0.38,0.27,0.12,0.12,0.08,0.18,0.04,0.24,0.1,0.52,0.55,0.32,0.04,0.26,0.09,0.26,0.05,0.1,0.19,1.06,0.13,0.11,0.13,,0.16,0.09,0.08,0.1,0.15,0.17,0.19,0.16,0.03,0.07,0.1,0.34,0.07,0.18,0.16,0.1,0.29,0.16,0.1,0.07,0.05,0.28,0.03,0.04,0.07,0.03,0.08,0.04,0.12,0.04,0.06,0.07,0.06,0.11,0.04,0.32,0.15,0.5,0.16,0.66,0.22,0.11,0.06,0.07,0.11,0.07,0.1,0.04,0.05,0.22,1.33,1.17,0.22,0.02,0.37,0.32,0.16,0.05,0.03,,0.11,0.14,0.15,0.1,0.16,0.68,0.12,0.02,11.2,,22.88,12.91,14.51,58.8,34.78,26.13,38.22,32.92,35.41,32.7,56.54,23.15,14.74,28.35,57.63,34.45,50.98,79.27,49.92,25.43,0.83,0.45,1.16,0.38,0.56,0.39,0.43,0.53,0.39,0.7,0.44,0.29,0.71,2.49,1.57,0.22,0.53,0.78,0.54,0.55,1.76,0.97,0.68,0.19,0.78,8.5,2.56,6.15,4.42,2.63,0.62,7.28,0.32,0.29,1.57,0.68,0.88,0.58,7.05,0.18,1.48,0.18,0.79,0.14,0.39,0.23,0.49,0.45,0.38,0.23,0.38,0.62,0.52,4.74,0.28,0.65,0.86,0.15,0.03,0.25,0.09,0.61,0.59,0.51,0.2,0.18,0.05,0.04,0.08,0.53,0.88,0.08,0.73,0.07,0.09,0.95,0.52,0.18,1.32,0.75,0.13,0.03,0.09,0.25,0.22,0.25,0.11,0.19
Zigongshi_510300,,,,,,,,,,,,,,,,,0.03,,,,,,,0.02,,,,,,,,,,,,,,,,,,,,,,,,,,,,,,,,,,,,,,,,,,,,,,,,,,,,,,,,,,,,,,0.04,,,,,,,,,,,,,,,,,,,,,,,,,,,,,,,,,,,,,,,,,,,,,,,,,,,,,,,,,,,,,,,,,,,,,,,,,,,,,,,,,,,,,,,,,,,,,,0.08,,,,,,,,,,,,,,,,,0.02,,,,,,,0.02,,,,,,,,,,,,,,,,,,,,0.06,,,,,,,,0.01,,,,,,0.02,,,0.02,,0.01,,,0.01,,,0.03,,,0.02,1.62,3.09,,0.26,8.73,0.72,0.77,0.36,1.01,16.17,5.9,0.85,1.58,13.45,0.59,0.23,0.81,0.42,1.72,0.19,0.47,0.52,0.06,0.06,0.19,0.02,0.12,,0.14,,0.03,0.08,0.02,0.05,0.08,0.57,0.29,,0.09,0.06,0.08,0.11,0.32,0.05,,,0.09,0.19,0.02,0.03,0.22,0.07,0.08,0.2,,0.07,,0.08,,0.1,0.15,,,,,,,,,,,,,,,0.03,,0.02,,0.01,,,,,,0.04,,,0.02,,,,0.01,,,,,0.11,0.02,,0.06,0.04,,0.0,,,,0.1,,
Panzhihuashi_510400,,,,,,,,,,,,,,,,,,,,,,,,,,,,,,,,,,,,,,,,,,,,,,,,,,,,,,,,,,,,,,,,,,,,,,,,,,,,,,,,,,,,,,,,,,,,,,,,,,,,,,,,,,,,,,,,,,,,,,,,,,,,,,,,,,,,,,,,,,,,,,,,,,,,,,,,,,,,,,,,,,,,,,,,,,,,,,,,,,,,,,,,,,,,,,,,,,,,,,,,,,,,,,,,,,,,,,,,,,,,,,,,,,,,,,0.01,,,,,,,,,,,,,,,,,,,,,,,,0.31,0.14,,0.06,0.07,0.08,0.03,0.09,0.09,0.34,0.16,0.22,0.08,0.08,0.03,0.47,0.01,0.08,0.02,0.12,18.57,,0.02,,,,,,,,0.21,0.09,0.11,0.09,0.02,7.61,0.22,0.13,3.27,0.05,0.02,0.11,0.27,0.11,,0.15,,,,,,,,,,,,,,,,,,,,,,,,,,,,,,,0.01,,,,,,,,,,,,,,,,,,,,,,,,,,,,,,,,
Luzhoushi_510500,,,,,,,,,,,,,,,,,,,,,,,,,,,,,,,,,,,,,,,,,,,,,,,,,,,,,,,,,,,0.05,,,,,,,0.03,,,,,,,,,,,,,,,,,,,,,,,,,,,,,,0.1,0.05,,,,,,,,,,,,,,,,,,0.03,,0.03,0.05,0.06,,,,,,,,,,,,,,,,,,,,,,,,,,,,,,,,,,,,,,,,,,,,,,,,0.05,,,,,,,,,,,,,0.05,,,,,,,,,,,,,,,,,,,,,,0.02,0.16,0.03,0.02,,,,0.03,0.02,,0.05,,0.02,,0.14,0.03,0.05,0.02,,,,0.06,,,,,0.03,0.05,0.03,0.02,0.01,0.02,,0.05,,0.01,0.02,0.04,0.03,,,0.01,,0.01,,,0.02,,0.03,,,5.95,1.88,8.71,0.45,,0.67,0.77,0.39,0.92,6.21,1.59,0.75,0.9,15.11,0.51,0.42,0.47,0.5,1.05,0.3,0.51,0.47,0.31,0.47,15.21,0.21,2.16,0.13,0.16,0.2,0.21,0.18,0.17,0.13,0.04,3.21,0.33,0.07,0.09,0.13,0.15,0.18,0.11,0.11,0.07,,0.09,0.22,0.02,0.13,0.06,0.07,,0.4,,,,,0.33,,0.23,,,,,,,,,,,0.02,,,,,0.01,0.01,,0.01,,,,,0.09,,,,,0.01,,,0.07,,,,,0.04,0.04,,0.08,,,,,,,,,
Deyangshi_510600,,,,,,,,,,,,,,,,,,,0.02,,,,,,,,,,0.07,,0.05,,,0.02,,,,,,,,,,,,,,0.03,,,,,,,,,,,,,,,,,,,,,,,,,,,,,,,,,,,,,,,,,,,,,,,,,,,,,,,,,,0.07,,,,,,,,,,,,,,,,,,,,,,,,,,,,,,,,,,,,,,,,,,,,,,,,,,,,,,,,,,,,,,,,,,,,0.04,,,,,,,0.02,,,,,,,,,,,,,,,,,0.04,,,,,,,,,,,,,,,,,,,0.13,,,,,0.13,,,,0.01,,,0.02,,,,,,0.04,,,,0.05,,0.02,,,,,0.01,0.03,,,0.05,,,0.9,12.0,0.95,0.65,0.72,,18.47,2.52,4.4,1.31,2.0,1.75,1.88,1.2,0.7,0.72,2.03,1.44,2.11,1.74,1.07,1.1,0.04,,0.05,0.03,0.04,,,,0.03,0.04,0.02,,0.02,0.19,,0.04,0.13,0.09,,,,0.07,0.03,0.06,,0.22,0.07,0.16,0.19,0.15,,0.2,,,0.53,0.09,0.12,0.1,0.74,,0.24,,0.05,,0.09,,0.12,0.02,0.07,0.02,0.04,0.08,0.03,0.63,,,0.06,0.0,,,,0.2,,0.1,,0.03,,,0.05,0.03,,0.1,0.1,0.01,,0.11,0.05,0.04,0.06,0.04,0.03,0.0,,0.02,,,,
Mianyangshi_510700,,,,,,,,0.06,,,,0.03,,0.03,0.02,0.02,0.06,0.14,,0.05,0.1,0.01,0.06,0.03,,,0.02,,,,,,,,,0.14,,,0.03,,0.04,,,,0.03,0.01,,,0.02,,,,,,,0.01,,0.02,,,,,,,,,,,,,0.03,,,,0.06,,,,,,,,,,,,,0.19,,,,0.05,,,,,,,,,0.02,,,,,,,,,,,,,,,,,,,,,,,,,,,,,,,,,0.03,,,,,,,,,,,,,,0.02,,,,0.1,,,,,,,,,,,,,,,0.02,,,0.05,,,,,,,,,,0.09,,,0.03,,,,,,,,,0.04,,,,,,0.04,,,,,,,,,,,,,,,0.03,,,,0.04,,,0.02,0.01,,,0.11,,,,0.01,0.03,,,,,0.02,,,0.01,,0.04,0.02,0.03,,,,,,,0.04,0.03,,0.02,,1.34,8.12,1.75,1.02,0.99,16.21,,24.43,13.29,1.34,2.46,6.26,1.81,1.8,1.6,1.43,2.46,3.72,1.93,4.65,1.52,3.41,0.08,0.03,0.12,0.02,0.04,0.03,0.03,0.05,0.05,0.07,0.05,,0.07,0.2,0.11,,,0.11,0.02,,0.11,0.06,0.03,,,0.67,0.24,0.42,0.5,0.3,0.02,0.4,0.06,0.88,0.41,0.19,0.21,0.24,2.04,0.07,0.3,0.18,0.13,0.07,,0.06,0.24,0.13,,0.02,0.08,0.1,0.19,5.61,,0.02,0.11,0.04,0.03,,0.01,,0.19,0.07,0.08,,0.02,0.02,0.03,0.13,0.05,0.06,0.12,0.03,,0.13,0.1,,0.16,0.2,0.05,,0.01,0.08,0.02,0.05,0.03,
Guangyuanshi_510800,,,,,,,0.04,,,,,,,0.06,0.02,0.04,,0.08,0.02,0.08,0.34,,0.07,0.04,,0.04,,,,,,0.04,0.01,,,,,,,,,,,,,,,,,,,,,,0.02,,,,,,,,,,,,,,,,,,,,,,,,,,,,,,,,,,,,,,,,0.09,,,,,,,,,,,,,,,,,,,,,,,,,,,,,,,,,,,,,,,,,,,,,,,,,,,,,,,,,,,,,,,,,,0.1,,,,,,,,,0.1,,0.1,0.02,,,,,,,,,,,,,,,,,,,,,,,,,,,,,,,,,,,,,,,,,,,,,,,,,,,,,,,,,,0.02,,,,,,,,,,0.03,0.01,0.01,,,,,,,,,,0.55,1.85,0.19,0.14,0.24,1.36,8.42,,1.04,0.22,0.59,6.09,0.38,0.38,0.48,0.56,0.3,10.04,0.34,0.32,0.19,0.2,,,0.02,,0.02,0.03,0.02,,0.02,,,,,0.07,,,0.01,0.03,,,,,,,,0.14,,0.16,0.03,0.01,,0.2,0.11,0.88,1.69,0.7,0.61,1.17,9.48,0.09,1.42,0.28,0.22,0.06,,0.02,0.14,0.04,0.03,0.13,0.03,0.13,0.11,9.95,0.07,0.74,0.1,,0.01,,,0.34,,0.12,,,0.01,,0.01,0.04,0.02,,0.12,,,0.13,0.13,0.02,0.05,0.04,0.04,,0.01,0.0,0.05,,,
Suiningshi_510900,,,,,,,,,,,,,,,,,,,,,,,,,,,0.03,,,,,,,,,,,,,,,,,,,0.01,,,,,,,,,,,,,,,,,,,,,,,,,,,,,,,,,,,,,,,,,,,,,,,,,,,,,,,,,,,,,,,,,,,,,,,,,,,,,,,,,,,,,,,,,,,,,,,,,,,,,,,,,,,,,,,,,,,,,,,,,,,,,0.05,,,0.04,,0.04,,,,0.1,,,,,,,,,,,,,,,,,,,,,,,,,,,,,,,,,,,,,,,,,,,,,,,,,,,,,,,,,,,,,,0.01,,,,,,,,0.03,,,3.25,4.67,1.09,0.29,0.75,2.6,8.57,1.34,,1.07,0.74,5.5,0.94,0.83,2.5,1.04,0.47,1.06,4.03,0.53,0.94,0.54,0.04,0.04,0.07,0.03,0.06,0.05,,,,0.05,0.03,0.01,,0.1,0.04,0.09,0.05,0.04,,,,0.06,,,0.03,0.69,0.09,0.26,0.85,0.18,0.02,,,,,0.06,0.23,,0.4,,0.24,,,,,,0.06,,,,,0.05,0.03,0.31,,0.01,,,,0.05,,,0.09,0.05,,,,,,0.04,0.02,,,0.03,0.02,0.13,0.1,,0.1,0.22,0.05,,,0.03,0.05,0.15,,
Neijiangshi_511000,,,,,,,,,,,,,,,,,,0.05,,,,0.02,,,,,,,,,,,,,,,,,,,,,,,,,,,,,,,,,,,,,,,,,,,,,,,,,,,,,,,,,,,,,,,,,,,,,,,,,,0.11,,,,,,,,,,,,,,,,,,,,,,,,,,,,,,,,,,,,,,,,,,,,,,,,,,,,,,,,,,,,,,,,,,,,,,,0.05,,,,0.05,,0.01,,,,,,,0.06,,0.02,,,,,,,,,,,,,,,,,,,,,,,0.02,,,0.02,,,,,,,,,,,,,,,,,,,0.01,0.01,,,,,,,,,,,,,,,,,,,,0.02,,0.03,0.02,,3.92,5.49,22.45,0.35,5.53,1.31,1.01,0.33,1.71,,2.05,1.06,3.63,3.63,0.61,0.42,1.07,0.5,14.66,0.31,0.65,0.6,0.07,0.07,0.25,0.06,0.06,0.08,0.03,0.06,0.04,0.09,0.09,0.03,0.09,0.58,0.08,,0.13,0.05,0.06,0.1,0.32,,0.01,0.06,0.03,0.11,0.02,0.03,0.12,0.05,,0.2,,0.07,0.14,,0.21,0.34,0.23,,0.12,0.09,,,,,0.05,,,0.07,,,,0.09,,,,,,,,0.54,,,,,,,,,0.1,,,,,0.03,0.06,0.06,0.08,0.11,0.02,,,,,,,
Leshanshi_511100,,,,,,,,,,,,,,,,,,,,,,,,0.03,,,,,,,,,,,,,,,,,,,,,,,,,,,,,,,,,,,,,,,,,,,,,,,,,,,,,,,,,,,,,,,,,,,,,,,,,,,,,,,,,,,,,,,,,,,,,,,,,,0.04,,,,,,,,,,,,,,,,,,,,,,,,,,,,,,,,,,,,,,,,,,,,,,,,,,,,,,,,,,,,,,,,,,,,,,,,,,,,,,,,,,,,,,,,,,,,,,,,,,,,,,,,,,,,,,,,,,,,,,,0.04,,,,,,,,,0.07,,,1.04,7.67,8.0,0.75,2.24,1.85,1.73,0.66,1.05,2.53,,1.01,16.92,6.76,0.46,0.56,5.51,0.35,1.51,0.76,2.31,4.13,0.05,0.02,0.11,,0.08,0.03,0.05,0.05,0.03,0.06,0.06,0.02,0.07,0.7,0.05,,,0.04,0.05,0.02,0.2,0.07,,,0.03,0.18,0.04,0.39,0.19,0.15,,0.2,,,0.43,0.13,,,0.3,,0.21,0.65,,,,,,,,,,,0.01,0.05,0.03,,,,,,,,,0.07,,,,,,,,,,,0.02,0.03,0.05,0.02,0.03,,,0.0,,,,,0.01,
Nanchongshi_511300,,,,,,,,,,,,,,0.03,0.03,0.02,,0.1,,0.03,0.19,0.02,,,,,,,,,,,,,,0.04,,,,,,,,0.04,,,0.04,,,,,,,,,,,,,,0.04,,,,,,,,,,,,,,0.05,,,,,,,,,,,,,,,,,,,,,,,,,,,,,,,,,,,,,0.02,,,0.02,,,,,,,,,,,,,,,,,,,,,,,,,,,,,,,,,,,,,,,,,,,,,,0.19,,,,,,,,,0.11,0.12,,,0.21,,0.07,,,,0.15,,,,,,,,,0.03,,,0.05,,,,0.05,,,0.03,0.02,0.04,,0.04,0.02,0.02,,,0.05,0.05,,0.03,0.06,,0.02,0.02,0.02,0.07,,0.02,0.02,,0.08,,,0.05,,0.01,0.02,,,,0.02,0.03,,,,0.01,,,,,0.01,,,0.01,,0.03,,,0.04,,,4.41,5.3,1.0,0.95,1.01,2.02,5.31,14.7,7.92,1.08,1.16,,0.98,1.19,14.61,6.33,0.93,12.14,1.52,0.57,0.87,0.53,0.09,0.03,0.12,0.04,0.06,0.09,0.04,,0.06,0.08,,0.02,,0.13,0.04,0.03,0.05,,0.06,0.05,0.23,0.1,0.03,0.03,0.03,0.45,0.14,0.29,0.25,0.22,0.11,0.4,0.16,0.22,0.55,0.97,1.46,0.13,1.68,,0.4,0.37,0.12,0.01,0.05,,0.1,0.02,0.03,0.02,0.1,0.17,0.14,0.78,0.05,0.11,0.22,0.04,0.03,0.15,0.04,,0.49,0.09,0.04,0.05,0.02,0.01,0.03,0.12,0.1,,0.12,0.03,0.06,0.2,0.07,0.02,0.1,0.16,0.05,0.01,0.01,0.02,,,0.03,
Meishanshi_511400,,,,,,,,,,,,,,,,,,,,,,,,,,,,,,,,,,,,,,,,,,,,,,,,,,,,,,,0.02,,,,,,,,,,,,,,,,,,,,,,,,,,,,,,,,,,,,,,,,,,,,,,,,,,,,,,,,,,,,,,,,,,,,,,,,0.04,,,,,,,,,,,,,,,,,,,,,,,,,,,,,,,,,,,,,,,,,,,,,,,,,,,,,,0.02,,,,,,,,,,,,,,,,,,,,,,,,,,0.01,,,,,,,,,,,,,,,,,,,,,,,0.02,0.01,,,,0.08,,,,,0.04,,,,,,0.01,,0.02,,0.03,,,0.8,12.65,3.04,0.68,1.37,2.24,1.87,0.61,1.75,5.25,25.37,1.2,,2.58,0.59,0.6,8.8,0.72,3.33,0.8,2.23,3.05,0.05,0.05,0.12,0.06,0.04,0.03,,0.07,0.04,,0.06,,,0.24,0.1,0.07,0.03,0.04,0.02,0.04,0.11,0.05,,,0.09,0.4,0.09,0.26,0.5,0.16,0.02,0.4,,,0.14,0.06,,,0.15,,,,,0.02,,,,,0.03,,,0.05,,0.09,,,0.05,,,,0.01,0.06,,,,,,,0.03,,0.06,0.08,,0.01,,0.05,0.07,,,0.04,0.04,0.01,0.01,,,,,
Yibinshi_511500,,,,,,,,,,,,,,,,,,0.05,,,,0.04,,,,,,,,,,,,,,,,,,,,,,,,,,,,,,,,,0.03,,,0.02,,,,,,,,0.03,,,,,,,,,,,,,,,,,,,,,,0.1,0.19,0.14,,0.08,,,,,,,,,,,,,,,,,,,,,,,0.02,,0.03,0.05,,,,,,,,,,,,,,,,,,,,,,,,,,,,,,,,,,,,,,,,,,,,,,,,,,,,0.3,,,0.02,,,,,,,0.05,,,,,,,,,,,,,,,,,,,,,,,0.04,0.02,0.03,0.05,,0.01,,0.05,,,0.03,0.03,,0.12,,,,,,,,0.08,0.06,,0.01,,,,0.03,0.03,0.03,,,,,,,,0.02,,,,,,,0.02,,0.04,,0.02,1.96,2.85,15.53,0.38,17.5,0.96,0.92,0.43,0.99,3.24,5.55,0.95,1.45,,0.61,0.26,0.85,0.39,1.24,0.23,0.62,2.04,0.1,0.17,0.37,0.05,0.23,0.13,0.08,0.13,0.07,0.14,0.17,0.03,0.04,22.83,0.07,,0.19,0.04,0.1,0.14,0.29,0.13,0.03,0.09,0.03,0.18,0.07,0.03,0.19,0.07,,,,,0.14,0.11,0.16,,,,0.15,0.09,,,0.03,,0.04,,,0.05,,,,0.15,,,,,,,,,,,,0.04,0.02,,,,,,,,,0.05,0.05,,,0.11,,,,,0.02,0.05,,
Guanganshi_511600,,,,,,,,,,,,,,,,0.16,,,0.04,,,,,0.02,,,,,,,,,,,,,,,,,,,,,,0.01,,,,,,,,,,,,,,,,,,,,,,,,,,,,,,,,,,,,,,,,,,,,,,,,,,,0.06,,,,,,,,,,,,,,,,,0.09,,,,0.1,,,,0.04,,,,,,,,,,,,,,,,,,,,,,,,,,,,,,,,,,,,,,,0.11,,,,,,,,,0.1,0.05,0.07,,0.15,,0.05,0.04,,,0.27,0.04,,0.05,,,,0.02,,,,,0.07,,,,,,0.08,,0.04,,,,0.03,0.02,,0.02,0.02,0.04,,0.02,0.03,0.02,0.02,0.02,0.01,0.02,,0.03,,0.01,,,,0.08,0.02,,0.03,0.02,,0.01,0.01,,0.02,,,,,0.05,,0.03,,0.03,,,,,,,0.03,,,16.47,1.69,0.38,0.25,0.62,0.56,0.99,0.85,2.5,0.39,0.58,13.68,0.51,0.64,,7.34,0.39,1.17,0.66,0.23,0.33,0.32,0.12,0.03,0.23,0.04,0.06,0.1,0.11,0.12,0.07,0.1,0.05,,0.02,0.15,0.08,0.06,0.03,0.04,,0.13,0.26,,0.11,,,0.2,0.07,0.09,0.22,0.01,0.02,0.2,,0.07,,0.21,0.19,0.62,0.56,,0.21,0.18,,,0.09,,,,,,0.03,,0.02,,,0.01,0.03,,,,0.01,,0.09,,,,,0.02,,0.04,0.01,,,,0.04,0.03,0.06,,0.12,0.04,0.04,,,0.02,,,,
Dazhoushi_511700,,,,,,,,,,,,,0.03,0.03,,,,0.05,,0.02,0.15,,0.06,,0.03,0.06,,,0.02,,,,,,,,,,,,,,,0.04,,,,0.01,,,,,,,,0.03,,,,,,,,,,,,0.09,,,,,,,,,,0.05,,,,,,0.03,,,,,0.14,0.09,,,,,,,0.04,,,,,0.02,,,,,,,,,,,,0.29,,0.12,0.03,0.09,,,0.06,0.06,,,,,,,,,,,,,,,,,,,0.05,0.03,,,,0.03,,,,,,0.07,,,,,,0.13,,,0.11,,,,,,,,,0.19,0.15,0.09,0.03,0.28,0.03,0.11,,,0.08,0.2,,0.02,0.03,,,,,,,0.03,0.03,0.04,0.02,,,,,0.04,0.03,,0.04,,0.08,0.02,0.02,0.05,,0.02,0.05,0.05,0.13,0.09,,0.02,0.07,,0.03,0.05,0.01,,,,,,,,,,,,0.01,,,0.01,0.07,,0.01,0.02,,0.02,0.04,,,0.05,,0.04,,,0.03,0.03,0.02,0.08,6.64,1.87,0.43,0.19,0.43,0.59,0.85,1.19,1.38,0.32,0.64,4.41,0.49,0.43,8.36,,0.19,17.45,0.49,0.09,0.22,0.2,0.06,0.03,0.13,0.04,0.03,0.06,0.06,0.07,0.03,0.06,0.03,,,0.04,,0.01,0.01,0.04,,,,0.05,0.13,0.03,,0.14,0.04,0.13,0.12,0.05,,,0.11,0.59,0.29,0.42,0.63,0.2,0.89,0.07,5.18,0.84,,,,0.06,,0.02,,0.03,,,,0.11,,,,,,,,,,,,,,,,,,,,,,0.05,,,0.1,0.09,0.01,,,0.01,,,,
Yaanshi_511800,,,,,,,,,,,,,,,,,,,,,,,,,,,,,,,,,,,,,,,,,,,,,,,,,,,,,,,,,,,,,,,,,,,,,,,,,,,,,,,,,,,,,,,,,,,,,,,,,,,,,,,,,,,,,,,,,,,,,,,,,,,,,,,,,,,,,,,,,,,,,,,,,,,,,,,,,,,,,,,,,,,,,,,0.07,,,,,,,,,,,,,,,,,,,,,,,,,,,,,,,,,,,,,,,,,,,,,0.03,,,,,0.02,,,,,,,,,,,,,,,,,,,,0.01,,,0.03,,,,,,,,,,,,,0.3,4.25,0.53,1.63,0.25,1.01,0.88,0.3,0.45,0.43,2.81,0.32,2.94,0.69,0.19,0.19,,0.31,0.67,0.52,12.88,5.68,,,0.04,,0.01,,,,,,0.02,,0.15,0.08,0.11,,0.07,0.13,,,,0.06,,,0.09,0.11,,0.32,0.22,0.11,,0.2,,0.07,,,0.19,,0.12,,,,,,,,,,0.07,,0.02,,0.01,,,,,,,,0.03,,,,,,,,,,,0.04,,,,,,,,0.09,,,,,0.02,,,
Bazhongshi_511900,,,,,,,0.06,,,,,,,0.02,0.04,,,0.13,0.02,0.03,0.49,,,0.03,,,0.03,,,,,0.05,0.02,,,0.04,,,,,,,,,,,,,,,,,,,,,,,,,,,,,,,,,,,,,,,,,0.04,,,0.05,,,,,,,,0.14,,,,,,,,,,,,,,,,,,,,,,,,,,0.04,0.02,,,0.05,,,,,,,,,,,,,,,,0.06,0.12,0.07,,,0.05,0.18,,0.07,,,,0.05,0.07,0.07,,,,,,,,,,,,,0.13,,,,,,0.02,,,,0.06,,,,,0.09,,,0.1,,,,,,,,,,,,,,,,,,,,,,,,0.08,,,,,,,,,,,,,,,,0.01,,,,,0.04,,,,,0.03,,,,,0.03,,,,0.02,,,,,,,,,,,,,,,1.15,1.63,0.19,0.07,0.3,0.58,1.15,8.76,0.85,0.22,0.45,5.65,0.41,0.3,0.79,11.67,0.3,,0.43,0.04,0.13,0.14,,,0.04,0.01,0.03,0.05,,,,,,,,0.03,,,,,0.02,,,,0.01,,,,,0.06,0.03,,,,0.08,2.29,1.54,1.68,1.35,0.34,5.88,0.09,0.8,0.37,0.04,,,,0.11,0.03,,0.05,0.08,0.23,,0.2,,0.05,,,,,,,,0.04,0.04,,0.03,0.06,0.01,,,0.02,,,,,0.02,,,0.04,0.01,,,,,,,
Ziyangshi_512000,,,,,,,,,,,,,,,,,,,,,,,,,,,,,,,,,,,,,,,,,,,,,,,,,,,,,,,,0.03,,,,,,,,,,,,,0.04,,,,,,,,,,,,,,,,,,,,,0.06,,,,,,,,,,,,,,,,,,,,,,,,,,,,,,,,,,,,,,,,,,,,,,,,,,,,,,,,,,,,,,,,,,,,,,,,,,,,,,,,,,,,,,,,,,,,,,,,,,,,,,0.04,,,,,,,,,,,,,,,,,,,,,,,,,,,,,,,,,0.05,,,,,,,,,,,,,,,,,,,,,,,,,,,,3.93,6.98,1.26,0.43,0.93,1.86,1.06,0.33,5.67,12.08,1.2,0.97,2.02,1.03,0.58,0.43,0.85,0.41,,0.46,0.65,0.54,0.06,0.06,0.07,0.06,0.04,,,0.06,0.04,,0.04,,,0.18,0.05,0.01,0.03,,,0.06,,0.05,,,0.03,0.13,,0.29,0.22,0.03,,0.8,,,,,,0.06,0.12,,0.15,0.28,,,,0.02,,,,,,,0.03,,,0.01,,,,,,,,,,,,0.01,,,0.01,0.02,,,,0.06,0.04,,0.06,,,,,,0.04,,,
Abazangzuqiangzuzizhizhou_513200,,,,,,,,,,,,,,,,,,,,,,,,,,,,,,,,,,,,,,,,,,,,,,,,,,,,,,,,,,,,,,,,,,,,,,,,,,,,,,,,,,,,,,,,,,,,,,,,,,,,,,,,,,,,,,,,,,,,,,,,,,,,,,,,,,,,,,,,,,,,,,,,,,,,,,,,,,,,,,,,,,,,,,,,,,,,,,,,,,,,,,,,,,,,,,,,,,,,,,,,,,,,,,,,,,,,,,,,,,,,,,,,,,,,,,,,,,,,,,,,,,,,,,,,,,,,,0.18,4.35,0.36,0.02,0.28,1.27,1.78,0.24,0.62,0.36,0.51,0.37,0.44,0.27,0.16,0.08,0.5,0.14,0.59,,3.3,0.14,,,,,,,,,,,,,,,,,,,,,,,,,,0.11,0.04,,0.06,0.05,0.05,,,,,,,,,,,,,,,,,0.03,0.07,,,,,1.68,0.17,3.75,0.08,0.01,,0.17,0.07,7.99,0.09,0.09,,,,,,,,,0.03,,,,,,,,,0.0,,,,,,
Ganzizangzuzizhizhou_513300,,,,,,,,,,,,,,,,,,,,,,,,,,,,,,,,,,,,,,,,,,,,,,,,,,,,,,,,,,,,,,,,,,,,,,,,,,,,,,,,,,,,,,,,,,,,,,,,,,,,,,,,,,,,,,,,,,,,,,,,,,,,,,,,,,,,,,,,,,,,,,,,,,,,,,,,,,,,,,,,,,,,,,,,,,,,,,,,,,,,,,,,,,,,,,,,,,,,,,,,,,,,,,,,,,,,,,,,,,,,,,,,,,,,,,,,,,,,,,,,,,,,,,,,,,,,,0.09,1.07,0.29,0.05,0.18,0.25,0.24,0.04,0.35,0.2,0.6,0.18,0.76,0.27,0.12,0.06,5.45,0.13,0.17,1.93,,1.54,,,,,,,,,,,,,,0.04,0.09,,,,,,,0.05,,,7.05,0.16,0.04,39.47,0.6,,0.08,,,,,,,,,,,,,,,,,,,,,,,,0.01,,,,,0.02,,3.68,11.54,,,,,,,,,,,,,,,,,,,,,,,,,
Liangshanyizuzizhizhou_513400,,,,,,,,,,,,,,,,,,,,,0.15,,,,,,,,,,,,,,,,,,,,,,,,,,,,,,,,,0.01,,,,,,,,0.03,,,,,,0.04,,,,,,,,,,,,,,,,,,,,,,,,,,,,,,,,,,,,,,,,,,,,,,,,,,,,,,,,,,,,,,,,,,,,,,,,,,,,,,,,,,,,,,,,,,,,,,,,,,,,,,,,,,,,,,,,0.06,,,0.03,,,,,,,,,,,,,,,,,,,,,,,,,,,,,,,,,,,,,,,,,,,0.02,,,0.04,,0.01,,,,,,,,,,,0.02,,,,,,,,,,,0.17,1.13,0.66,56.46,0.2,0.53,0.45,0.43,0.29,0.3,2.72,0.52,1.06,1.1,0.21,0.09,6.55,0.29,0.37,0.17,4.05,,0.02,0.02,0.02,,0.08,,0.04,,,0.68,0.45,0.11,0.19,15.25,4.17,0.18,0.15,1.73,0.06,0.1,0.05,0.31,0.13,0.06,0.57,0.05,,0.09,0.54,0.05,0.02,,,,,0.14,,0.17,0.2,,,0.18,,,,,,,,,,,0.08,0.03,0.01,,,,,,0.04,,,,0.04,,0.01,,,,,,,,,,,,,,,,,,,,,
Guiyangshi_520100,0.11,0.13,0.03,,,,,0.06,,0.03,,,,0.03,,0.03,,,,0.03,,0.01,,0.03,0.06,0.12,,,,,,,0.02,,0.02,,0.11,0.37,0.07,0.09,0.3,0.16,0.1,0.05,0.06,0.02,,0.03,,0.04,0.15,0.05,0.04,0.01,,,,,0.14,,0.08,0.06,,,,0.03,,,,,,,0.14,0.08,0.06,0.13,0.05,0.06,0.19,,0.21,0.09,0.07,0.06,0.14,0.03,0.1,0.47,0.58,0.11,0.12,0.14,0.39,0.15,0.15,0.36,0.14,0.03,,,,,,,0.04,,0.03,0.04,0.02,,,,0.06,0.16,0.07,0.14,0.07,0.25,0.07,0.11,0.06,0.06,0.06,0.04,,0.06,0.03,,0.16,0.07,0.08,0.06,0.07,0.08,0.05,,0.03,,0.05,,0.07,,0.1,,,,,,,0.05,,0.08,,,0.03,,,,,,0.21,0.09,,0.08,,,,0.14,0.03,0.09,0.2,0.17,0.03,0.12,0.06,0.11,0.05,0.2,0.05,0.16,0.04,,,,0.1,0.06,0.08,0.12,0.43,0.09,0.11,0.18,0.05,0.12,0.1,0.65,0.25,0.28,0.1,,0.12,0.05,0.05,0.06,0.07,0.17,0.03,0.13,0.1,0.05,0.03,0.03,0.07,0.05,0.09,0.07,0.08,0.04,0.02,0.21,0.18,0.53,0.09,0.17,0.13,0.11,0.08,0.09,0.56,0.24,0.7,0.07,0.11,0.06,0.28,1.17,0.03,0.02,0.03,0.01,0.09,0.05,0.01,0.02,0.01,0.11,0.31,0.04,0.02,0.22,,,1.64,0.23,0.12,0.14,0.55,0.1,0.1,0.1,0.2,0.19,0.2,0.22,0.12,0.35,0.43,0.12,0.04,0.09,0.13,0.0,0.06,0.15,,17.7,29.39,43.72,40.17,22.65,20.09,23.84,45.91,0.58,1.03,0.22,0.25,1.55,0.45,0.21,0.13,0.24,0.33,0.17,0.79,0.54,0.13,0.06,0.09,0.05,0.07,0.03,0.15,0.03,,0.2,0.12,0.14,,0.06,,0.34,0.4,,,,0.07,0.03,,,,,0.03,,0.04,,0.01,,,0.02,0.09,0.0,,,,,0.09,,0.06,,0.01,0.01,,0.07,,,0.03,,0.02,,0.06,0.02,0.05,0.04,,0.01,,0.04,,0.05,,
Liupanshuishi_520200,,,,,,,,,,,,,,,,,,,,,,,,,,,,,,,,,,,,,,,,,,,,,,,,,,,,,,,,0.05,,,,,0.03,,,,,,0.02,,,0.02,,,,,,,,,,,0.04,,,,,,,0.13,0.29,0.06,0.14,0.41,0.32,0.11,,0.21,0.07,,,,,,,,,,,,,,,,0.05,0.04,,0.08,,,,,0.03,0.04,,,0.04,,,,,0.05,,,,,,,,,,,,,,,,,,,,,,,,,,,,,,,,,,,,,,,,,,,,,,0.06,,0.04,,0.08,,0.03,,,0.02,,0.02,,0.06,,,0.03,0.02,,,0.05,0.08,,,,,,,,,,0.02,,0.04,,,,,,0.03,,,,0.02,0.02,,,,0.09,,0.04,0.04,0.03,0.27,,0.07,,0.05,,,,,,0.03,,,,,,0.01,,,,,,,,0.22,0.03,0.04,0.09,0.19,0.0,,0.03,0.02,0.04,0.03,0.03,0.02,0.07,0.04,0.02,0.0,,0.01,0.03,0.01,0.06,5.8,,1.47,11.62,16.63,1.96,21.32,1.34,2.21,0.78,8.44,0.39,0.19,0.89,0.26,0.18,0.05,0.27,0.37,0.11,0.52,0.18,0.15,,0.12,,,,,,,,,,,,,,,,,,,,,,,,,,,,,,,,,,,,,,,,,,,,,,,,,,,,,,,,,,0.01,,0.02,,,
Zunyishi_520300,,,,,,,,,,0.02,,,,,,,,,0.02,,,,,,,,,,,,,,,,,,,,0.03,,0.1,,0.04,,,,,0.01,,,,,,,,,,,,,,,,,,,,,,,,,,,,,,,0.07,,0.05,0.03,0.04,,,,0.07,0.33,1.06,0.1,,0.35,0.52,0.21,0.13,0.33,0.41,,,,,,,0.02,,0.05,,,,,,,0.04,0.13,0.08,0.26,0.06,0.27,0.13,0.08,0.06,0.06,,,0.05,,0.03,0.05,0.1,0.09,0.05,0.06,0.08,,,,,,0.04,,,,,,,,,,,,,,,,,,,,,,,,,,,,,0.05,,0.09,0.09,0.06,0.02,0.08,0.02,0.09,0.06,0.14,,0.19,,,,,0.04,0.04,0.03,0.05,0.24,0.04,0.08,0.16,0.02,0.05,0.1,0.28,0.12,0.26,0.06,0.06,0.06,0.05,0.09,0.09,0.12,0.1,0.05,0.07,0.11,0.02,0.08,0.07,0.09,0.07,0.11,0.09,0.07,0.07,0.02,0.08,0.12,0.2,0.08,0.12,0.17,0.06,0.06,0.06,0.19,0.21,0.4,0.05,0.04,0.03,0.08,,0.06,,0.05,0.04,0.12,,0.01,,,0.03,,0.02,0.05,0.08,,,6.01,0.16,0.44,0.05,16.57,0.07,0.1,0.08,0.19,0.33,0.12,0.22,0.11,0.51,0.29,0.16,0.08,0.11,0.17,0.03,0.17,0.12,18.95,2.7,,4.34,11.13,17.52,3.34,7.46,8.88,0.17,0.23,0.08,,0.47,,0.22,0.11,0.16,0.1,0.14,0.41,0.15,0.07,,0.03,,,0.13,0.06,,,,0.08,,,0.13,,,0.12,0.2,0.15,,,,,0.01,,,,0.03,,,,0.05,,,0.03,,,,0.01,,,,,,,,,,,,,,,,,,,,,,,,,,,
Anshunshi_520400,,,,,,,,,,,,,,,,,,,,,,,,,,,,,,,,,,,,,,,,,0.04,,,,,,,,,,,,,,,,,,,,,,,,,,,,,,,,,,,,,,,,,,,,,,,0.24,0.37,,0.1,0.15,0.68,,,0.31,0.1,,,,,,,,,,,,,,,,,,0.02,,0.03,0.08,0.04,0.03,,0.04,,,,,,0.05,,,,,,,,,,,,,,,,,,,,,,,,,,,,,,,,,,,,,,,,,,,,,,,,,,0.04,,,,,,,,,,,0.09,,,0.03,0.04,0.05,,0.11,0.02,0.07,,,,,,0.02,0.03,0.05,,0.03,0.07,0.02,,0.03,0.06,,0.05,0.02,0.03,,0.01,0.03,,0.09,,,,,0.02,0.02,0.14,,0.08,0.02,0.04,,,,,,,,,,,,,,,,,,,,0.22,0.02,0.02,0.02,0.06,,,,0.02,0.02,0.03,,0.01,0.04,0.02,0.02,0.0,,0.04,,0.03,0.03,11.04,11.83,1.85,,6.32,1.39,13.6,1.51,5.75,0.18,0.36,0.16,0.09,0.19,0.09,0.18,,0.16,0.24,0.18,0.32,0.09,0.01,,,,,,,,,,,,,,,,,,,,,,,,,,,,,,,,,,,,,,,,,,,,,,,,,,,,,,,,,,,,,,,,,
Bijieshi_520500,,,,,,,,,,0.02,,,,,,,,,,,,,,,,,,,,,,0.02,,,,,,,,,,0.03,,,,0.01,,,,,,,,,,0.09,,,,,0.04,,,,,,,,0.04,,,,,,0.06,,0.04,0.06,0.08,,,,0.03,0.03,0.04,0.02,0.07,0.72,0.78,0.28,0.3,0.38,0.82,0.13,0.11,0.61,0.24,,,,,,,0.02,,,,,,,,,0.07,0.12,0.05,0.24,0.05,0.36,0.08,0.08,0.1,0.05,,,,,,,,,0.06,,,,,,,,,,,,,,,,,,,,,,,,,,,,,,,,,,,,,,,,,,,0.04,,0.04,0.07,0.08,,0.13,,,,,,0.05,0.05,0.03,0.16,0.06,0.05,0.07,,,0.05,0.16,0.12,0.13,0.03,0.04,0.07,0.04,0.08,0.03,0.03,0.04,0.02,0.03,0.09,0.03,0.03,0.08,,0.03,0.14,0.05,0.11,0.08,0.06,0.04,0.03,0.13,0.04,0.09,0.08,0.08,0.06,0.05,0.15,0.13,0.19,0.06,0.03,0.02,,,0.04,,,0.02,0.02,,,,0.01,,,,0.04,0.02,,,0.6,0.06,0.13,0.07,2.14,0.01,0.05,0.05,0.08,0.1,0.1,0.06,0.07,0.32,0.08,0.05,0.06,0.05,0.08,0.02,0.06,0.19,20.75,34.84,13.48,13.96,,4.76,4.53,3.21,5.97,0.61,5.69,0.55,0.25,15.83,0.26,0.1,0.07,0.25,0.41,0.15,0.49,0.2,0.25,0.06,0.24,,,,0.06,,,,0.06,,,,,,,,0.12,0.09,,,0.01,,,,,0.02,,,,0.03,,,,,,,,,,,,,,0.02,,,,,,,,,,,,,,0.0,,,,,,
Tongrenshi_520600,,,,,,,,,,,,,,,,,,,,,,,,,,,,,,,,,,,,,,,,,,,,,,,,,,,,,,,,,,,,,,,,0.01,,,,,,,,,,,,,,,,,,,,,,,,0.22,0.46,0.14,0.13,0.16,0.27,0.1,,0.3,0.12,,,,,,,,,,,,,,,,,,0.13,0.11,0.06,0.21,0.11,,0.06,0.05,,,,,0.06,,0.08,,,,,,,,,,,,,,,,,,,,,,,,,,,,,,,,,,,,,,,,0.03,,,,0.03,,,,,,,0.09,,,,,0.03,0.02,,0.05,0.23,0.05,0.17,0.08,0.04,0.04,0.06,4.64,0.14,2.83,0.03,0.07,,0.06,0.06,0.11,0.34,,0.02,0.27,0.19,0.05,0.05,0.19,0.17,0.14,0.05,0.21,0.05,0.07,0.08,,0.02,,0.04,0.04,0.06,0.02,0.02,,0.04,0.03,0.06,0.03,,,,,0.01,,,,0.03,0.08,0.01,,0.03,,,0.04,0.02,,,0.02,1.27,,,0.05,0.02,,,,,0.01,,,,0.01,0.02,,,,,,0.01,,4.65,0.53,5.14,0.92,0.57,,0.96,7.06,2.17,0.07,0.07,0.02,,0.05,0.18,,0.01,0.04,0.09,0.02,0.14,0.02,0.03,,,,,0.03,,,,,,,,,,,,,,,,,,,,,,0.05,,,,,,,,,,,,,,,,,,,,,,,,,,,,,,,,,,,,,,
Qianxinanbuyizumiaozuzizhizhou_522300,,,,,,,,,,,,,,,,,,,,,,,,,,,,,,,,,,,,,,,,,,,,,,,,,,,,,,,,,,,,,,,,,,,,,,,,,,,,,,,,,,,,,,,,0.13,0.39,,,0.13,0.58,0.09,0.06,0.39,0.04,,,,,,,,,,,,,,,,,,,0.04,0.03,0.13,,0.04,,,,0.04,,,,,,,,,,,,,,,,,,,,,,,,,,,,,,,,,,,,,,,,,,,,,,,,,,,,,,,,0.09,,0.02,,,,,,,0.08,,,,,,,0.13,0.04,0.03,,0.03,0.05,,0.08,0.05,0.03,0.08,0.06,0.04,0.11,,0.04,0.06,0.03,,0.17,0.05,0.03,,0.04,0.09,0.04,0.1,0.03,,0.22,0.05,0.07,0.09,6.38,,0.21,0.07,0.11,,,,,,,,,0.05,,,,,,0.02,0.04,,,,0.13,,0.02,0.12,0.03,,,,0.01,0.0,0.02,0.01,0.01,0.03,0.04,0.05,,,0.01,,,0.07,3.32,10.33,1.23,8.19,1.09,1.84,,1.18,2.48,0.34,4.87,0.27,0.05,0.21,0.04,0.07,0.05,0.17,0.52,0.43,0.08,0.11,0.03,0.09,,,,,,,,,,,,,,,,,,,,,,,,,,,,,,,,,,,,,,,,,,,,,,,,,,,,,,,,,,,,,,,,
Qiandongnanmiaozudongzuzizhizhou_522600,,,,,,,,,,,,,,0.03,,,,,,,,,,,,,,,,,,,,,,,,,,,,,,,,,,,,,,,,,,,,,,,,,,,,,,,,,,,,,,,,,0.1,,0.04,,,,,,0.09,0.16,0.61,0.06,0.13,0.32,0.45,0.16,,0.26,0.29,,,,,,,,,,,,,0.03,,,,0.09,0.03,0.06,0.06,0.1,0.07,0.06,0.11,0.06,,0.06,0.05,,,0.04,0.07,0.06,0.07,0.1,0.07,,,,,,,,,,,,,,,,,,,,,,,,,,,,,,,,,,,,,,0.06,,0.04,,,0.05,,,,0.09,0.05,,0.04,,0.06,0.06,0.05,0.07,0.77,0.1,0.11,0.03,0.06,0.05,0.16,4.87,0.15,0.2,0.06,0.08,0.08,0.06,0.12,0.08,0.13,0.06,0.08,0.11,0.16,0.1,0.07,0.11,0.13,0.06,0.18,0.09,0.16,0.13,0.1,0.06,1.3,0.42,0.1,0.1,0.13,0.05,0.19,0.09,0.11,0.24,0.51,0.13,0.06,,,,,,,,,,,,,0.06,,,,,,0.02,0.24,0.01,0.01,0.03,0.06,,,,0.01,0.03,0.04,0.03,0.01,0.04,0.02,,,0.01,0.01,0.01,,,6.49,1.4,3.11,1.87,1.06,10.94,1.71,,13.77,0.07,0.17,0.06,,0.08,,0.04,0.03,0.05,0.02,0.04,,0.05,,,,,0.02,,0.03,0.03,,,,,,,,0.1,,,,,,0.01,,,,,,,,,,,,,,,,,,,,,,,,,,,,,0.05,,,,,,,,,,,,,,,
Qiannanbuyizumiaozuzizhizhou_522700,,,,,,,,,,,,,,,,,,,,,,,,,,,,,,,,,,,,0.02,,,0.03,,0.09,,,,,,,,,,,,,,,,,,,,,,,,,,,,,,,,,,,,0.06,,0.08,,0.05,,,,,,0.06,0.42,0.27,,0.22,0.26,0.56,0.13,,0.27,0.18,,,,,,,,,0.08,,,,,,,0.06,0.04,0.02,0.03,0.05,0.09,0.03,0.06,0.04,0.09,,,,,,,,,,0.07,0.07,,,,,,,,,,,,,,,,,,,,,,,,,,,,,,,,,,,,,,,,,,,,,,,0.09,,,,,0.02,0.02,,0.04,0.17,,0.1,0.05,0.03,,0.05,0.29,0.1,0.13,0.05,0.04,0.05,0.03,0.08,0.04,0.05,0.1,0.06,0.03,0.13,0.02,0.04,0.06,0.07,0.06,0.15,0.08,0.32,0.05,0.05,0.12,0.29,0.23,0.1,0.22,0.19,0.16,0.09,0.13,0.52,0.07,5.04,0.27,0.1,,,,,,0.04,0.01,0.03,,,,,0.01,0.06,0.08,0.02,,0.02,0.02,0.3,0.03,0.07,,0.13,0.02,,0.03,0.01,0.04,0.04,0.06,0.01,0.07,0.04,0.07,,,0.01,,,0.02,17.64,1.77,5.5,7.57,2.22,3.74,4.49,25.1,,0.1,0.19,0.08,,0.15,,0.06,0.07,0.06,0.1,0.08,,0.05,0.03,,,,,0.03,,0.03,,,,,,0.08,,,,,0.15,,,,,,,,,,,,,,,,,,,,,,,,,,,,,,,,,,,,,0.02,,,,,,,0.02,,,
Kunmingshi_530100,,0.17,0.04,,0.08,,,,,,,,,0.05,0.04,,,,,,,,,,0.12,,,0.03,0.02,,0.18,,,0.03,,,0.07,0.26,0.03,0.04,0.06,0.04,0.05,,,,,,0.02,,0.11,,0.04,,,,0.02,,0.13,0.17,,,,0.01,,,,,,,,,0.12,0.08,0.09,0.07,,0.06,0.19,,0.11,0.08,0.04,0.07,0.04,0.04,0.09,0.12,0.3,0.1,0.09,0.05,0.15,,,0.23,,0.03,,,0.02,,,0.02,,0.08,,,,,,,0.03,0.11,0.04,0.06,,0.09,0.04,0.05,0.04,0.07,0.06,,,,0.07,,0.14,0.05,0.05,0.05,0.05,0.06,0.06,0.03,,,0.06,,,,0.08,0.02,0.09,,,,0.06,0.06,,,,,,0.06,0.07,,,,,0.14,,,0.04,,0.04,0.09,,,0.15,,0.02,,,0.06,,0.06,0.03,0.24,0.08,0.07,,0.06,0.07,0.04,0.02,0.07,0.11,0.04,0.07,0.1,,0.07,0.06,0.09,0.11,0.04,0.04,,0.06,0.06,0.04,0.02,,0.1,0.03,0.02,0.06,,,,0.02,0.03,0.03,0.02,,0.06,0.01,0.14,0.04,0.15,0.05,0.16,0.17,0.07,0.06,0.14,0.6,0.03,0.04,0.01,0.09,0.05,0.13,,0.04,0.04,0.04,0.01,,,0.03,,0.01,0.01,0.03,0.02,0.01,,,,0.34,0.11,0.1,1.89,0.21,0.03,0.11,0.05,0.06,0.08,0.12,0.12,0.06,0.17,0.12,0.05,0.06,0.09,0.03,0.0,0.09,3.38,0.25,1.62,0.17,0.34,0.78,0.28,1.37,0.16,0.15,,42.06,45.81,13.07,15.17,9.3,24.84,15.47,46.95,30.08,25.4,22.34,18.1,16.31,8.32,6.06,0.3,0.19,0.13,0.06,0.07,,,0.25,0.07,,,,,0.2,,0.12,,0.06,0.06,,0.07,0.05,,0.03,,0.07,,0.02,0.05,,,0.05,,,,,,0.09,,0.1,,,0.01,,0.03,,,,,,,0.06,,0.02,,,0.0,0.01,,0.05,,,0.03
Qujingshi_530300,,,,,,,,,,0.03,,,,,,,,,,,,,,,,,,,,,,,,,,,,,,,0.04,,,,,0.01,,,,,,,,,,0.03,,,,,,,,,,,,,,,,,,,,,,,0.06,,,,,0.03,,,,,,,,0.16,0.17,0.06,,0.16,0.04,,,,,,,,,,,,,,,,,,0.02,,0.04,0.06,,,0.03,0.09,,,,,0.03,,,,,,,,,,,,,,,,,,,,,,,,,,,,,,,,,,,,,,,,,,,,,,,0.04,,,,,,,,,,,,0.03,,,0.06,,0.05,,,,,0.07,0.03,0.08,,,,,0.03,0.02,0.04,,0.04,0.04,0.11,,0.04,,0.03,,0.05,0.03,,,,0.04,,,,0.08,0.12,0.07,0.02,0.04,1.89,,0.06,,0.1,0.02,,,,,,0.03,,,,,,,,0.04,,,,,0.14,0.03,0.03,0.37,0.1,0.01,0.02,0.02,0.03,0.04,0.05,0.03,0.01,0.09,0.04,,0.02,,,0.01,0.03,0.52,0.2,9.71,0.12,0.44,3.29,0.14,7.64,0.14,0.15,24.8,,6.25,1.73,9.35,1.58,4.26,1.35,5.46,14.93,9.99,3.4,2.77,2.69,1.58,0.75,0.1,0.04,0.06,,0.03,,0.2,,0.07,,,,,,,,,,0.01,,0.02,,,,,,,,,,,,,0.01,,,,,,,,,,,,,,,0.01,0.04,,,,,0.11,,,0.01,,,,,
Yuxishi_530400,,,,,,,,,,,,,,,,,,,,,,,,,,,,,,,,,,,,,,,,,,,,,,,,,,,,,,,,,,,,,,,,,,,,,,,,,,,,,,,,,,,,,,,,,,,,,,,,,,,,,,,,,,,,,,,,,,,,,,,,,,,,,,,,,,,,,,,,,,,,,,,,,,,,,,,,,,,,,,,,,,,,,,,,,,,,,,,,,,,,,,,,,,,,,,,,,,,,,,,,,,,,,,,,,,,,,,,,,,,,,,,,,0.06,0.07,0.01,0.02,0.02,,,,0.02,,,,,,,,,,,,,,,0.02,,,,,,,,0.13,0.02,,,,,0.0,,,,,,,,,,,0.02,0.04,,0.11,0.02,0.02,0.11,,0.16,,,10.77,2.41,,1.01,0.6,0.43,12.03,1.27,8.33,16.4,2.01,4.84,1.43,1.21,0.63,0.36,,,,,,0.02,,,,,,,,,,,,,,,,,,,,,,,,,,,,,,,,,,,,,,,,,,,,,,,,,0.04,,,,,,,,
Baoshanshi_530500,,,,,,,,,,,,,,,,,,,,,,,,,,,,,,,,,,,,,,,,,,,,,,,,,,,,,,,,,,,,,,,,,,,,,,,,,,,,,,,,,,,,,,,,,,,,,,,,,,,,,,,0.05,,,,,,,,,,,,,,,,,,,,,,,,,,,,,,,,,,,,,,,,,,,,,,,,,,,,,,,,,,,,,,,,,,,,,,,,,,,,,,,,,,,,,,,,,,,,,,,,,,,,,,,,,,,,,,,,,,,,,,,,,,,,0.02,,,,,,0.02,,,,,,,,,,,,,,,,,,,,,,,0.06,0.01,,,,,,0.02,,0.01,,,,,,,0.01,,0.02,,0.03,,0.01,,,,,,2.35,0.42,0.55,,0.1,1.02,0.7,27.01,1.63,0.46,0.24,0.29,9.9,48.72,27.11,0.36,0.06,,,0.03,,,,,,,,,,,,,,,,,,,,,,,,,,,,,,,,,,,,,,,,,,,,,,,,,,,,,,,,,,,
Zhaotongshi_530600,,,,,,,,,,,,,,,,,,,,,,,,,,,,,,,,,,,,,,,,,,,,,,,,,,,,,,,,0.07,,,,,,,,,,,,,,,,,,,,,0.04,,,,,,,0.05,,,,0.17,0.25,0.24,,0.16,0.73,0.07,,0.23,0.13,,,,,,,0.02,,,,,,,,,,,0.02,,0.03,0.06,0.02,,0.09,,,,,,,,,,,,,,,,,,,,,,,,,,,,,,,,,,,,,,,,,,,,,,,,,,0.05,,,0.07,,,,,,0.08,,,,,,,,,0.06,,,,,,0.03,,0.03,0.04,,,,,,0.02,0.04,,,0.02,0.03,,,0.03,,,0.04,0.02,0.07,,,,0.02,,,,,0.03,0.01,0.02,0.04,0.12,0.05,0.01,0.04,,,,,,,,,,0.01,,,,,,,,0.02,,0.52,0.17,0.65,0.24,1.88,0.05,0.06,0.05,0.08,0.37,0.44,0.06,0.17,12.72,0.09,0.06,0.09,0.06,0.18,0.1,0.12,15.22,0.19,0.69,0.2,0.19,7.09,0.08,0.28,0.12,0.15,7.31,8.75,1.57,0.81,,1.29,1.45,0.82,1.45,1.57,1.1,1.26,0.95,1.6,1.07,0.27,0.05,0.02,0.06,0.06,0.03,,,0.11,,,0.16,0.16,,,,,0.47,,,,,,,0.05,,,,,0.05,,,,,,,,0.06,,,,,,,0.01,,,,,,,,,,,,,,,,0.08,,,
Lijiangshi_530700,,,,,,,,,,,,,,,,,,,,,,,,,,,,,,,,,,,,,,,,,,,,,,,,,,,,,,,,,,,,,,,0.03,,,,,,,,,,,,,,,,,,,,,,,,,,,,,,,,,,,,,,,,,,,,,,,,,,,,,,,,,,,,,,,,,,,,,,,,,,,,,,,,,,,,,,,,,,,,,,,,,,,,,,,,,,,,,,,,,,,,,,,,,,,,,,,,,,,,,,,,,,,,,,,,,,,,,,,,,,,,,,,,,,,,,,,,,,,,,,,,,,,,,,,0.01,,,,,,,,0.03,0.02,8.66,0.03,,0.02,,,,0.02,0.01,,0.02,,,0.02,,,0.03,0.5,2.25,,,,,0.02,,,,,1.68,0.6,0.47,0.9,0.13,,0.49,0.8,1.94,0.37,0.47,0.67,20.64,0.99,4.22,46.99,0.1,,0.23,,0.03,0.02,,,,,,,,,,,,,,,,,,,,,,,,,0.01,,,,,,,,,,,,,,,,,,,,,,,,,,,,,,,,
Puershi_530800,,,,,,,,,,,,,,,,,,,,,,,,,,,,,,,,,,,,,,,,,,,,,,,,,,,,,,,,,,,,,,,,,,,,,,,,,,,,,,,,,,,,,,,,,,,,,,,,,,,,,,,,,,,,,,,,,,,,,,,,,,,,,,,,,,,,,,,,,,,,,,,,,,,,,,,,,,,,,,,,,,,,,,,,,,,,,,,,,,,,,,,,,,,,,,,,,,,,,,,,,,,,,,,,,,,,,,,,,,,,,,,,,,,,,,,,,,,,,,,,,,0.02,,,0.01,,,,,,,,,,0.01,,0.01,,,,,,,,,,0.01,,0.0,,,,,,,0.03,,0.01,,,0.03,,,2.36,0.75,4.84,0.29,0.11,0.2,,19.54,1.36,3.28,0.43,35.46,2.53,1.36,0.25,0.09,,,,,,,,,,,,,,,,,0.09,,,0.03,,,,,,,,,,,,,,,,,,,,,,,,,,,,,,,,,,,,,,,,,,,
Lincangshi_530900,,,,,,,,,,,,,,,,,,,,,,,,,,,,,,,,,,,,,,,,,,,,,,,,,,,,,,,,,,,,,,,,,,,,,,,,,,,,,,,,,,,,,,,,,,,,,,,,,,,,,,,,,,,,,,,,,,,,,,,,,,,,,,,,,,,,,,,,,,,,,,,,,,,,,,,,,,,,,,,,,,,,,,,,,,,,,,,,,,,,,,,,,,,,,,,,,,,,,,,,,,,,,,,,,,,,,,,,,,,,,,,,,,,,,,,,,,,,,,,,,,,,,,,,,0.02,,,,,,0.01,,0.01,,,,0.01,0.01,,,,,0.02,,,,,,,,,,,,,,,,,1.89,0.42,0.61,19.5,0.08,0.44,17.82,,1.87,0.63,0.55,1.32,6.59,1.89,0.41,0.3,,,,,,,,,,,,,,,,,,,,,,,,,,,,,,,,,,0.01,,,,,,,,,,,,,,,,,,,,,,,,,,,,,
Chuxiongyizuzizhizhou_532300,,,,,,,,,,,,,,,,,,,,,,,,,,,,,,,,,,,,,,,,,,,,,,,,,,,,,,,,,,,,,,,,,,,,,,,,,,,,,,,,,,,,,,,,,,,,,,,,,,,,,,,,,,,,,,,,,,,,,,,0.04,,,,,,,,,,,,,,,,,,,,,,,,,,,,,,,,,,,,,,,,,,,,,,,,,,,,,,,,,,,,,,,0.02,,,,,,,,,,,,,,,,,,,,,,,,,,,,,,,,,,,,,0.01,,,,,,0.05,,,,0.03,,,0.01,0.01,,,,,,0.02,,,,,,,,,,,,,,,0.01,0.02,5.87,,0.02,,,,0.0,0.06,,0.02,,0.02,,0.05,,0.0,,,1.02,,0.07,,0.02,0.04,,0.06,,0.01,10.22,1.68,8.14,2.39,0.31,2.66,3.22,3.05,,1.65,0.94,0.79,11.25,2.07,1.46,1.59,,0.02,0.06,,,,,,,,,,,,,,,,,0.01,,,,,,,,,,,,,,,,,,,,,,,,,,,,,,,,,,,,,,0.01,,,,,
Honghehanizuyizuzizhizhou_532500,,,,,,,,,,,,,,,,,,,,,,,,,,,,,,,,,,,,,,,,,,,,,,,,,,,,,,,,,,0.03,,,,,,,,,,0.04,,,,,,,,,,,,,,,,,,,,,,,,,,,0.07,,,,,,,,,,,,,,,,,,,,,,,,,,,,,,,,,,,,,,,,,,,,,,,,,,,,,,,,,,,,,,,,,,,,,,,,,,,,,,,,,,,,,,,,,,,,,,,,,,,0.03,,,,,,,,0.02,0.03,,0.04,,,0.02,0.07,0.02,,0.08,,,0.07,0.03,,,,0.02,,,0.04,,0.05,0.06,0.03,0.04,0.26,0.02,0.03,,0.11,,,,,,,,,,,,,,,0.04,0.03,,,0.02,,,0.02,0.13,,,,,0.0,0.02,,,,0.01,,,,,,0.01,,0.02,0.02,0.09,,0.07,0.06,,0.49,0.05,,7.83,7.94,19.57,0.7,0.36,0.37,8.56,0.93,1.56,,30.21,3.61,1.17,0.97,0.47,0.15,,,,,,,,0.06,,,,,,,,,,,,,,,,,,,,,,,,,,,,,,,,,,,0.03,,,,,,,,,,,,,,,,,,,,
Wenshanzhuangzumiaozuzizhizhou_532600,,,,,,,,,,,,,,,,,,,,,,,,,,,,,,,,,,,,,,,,,,,,,,,,,,,,,,,,,,,,,,,,,,,,,,,,0.28,,,,,,,,,,,,,,,,,,0.11,0.24,,,,,0.08,,,,,,,,,,,,,,,,,,,,0.05,,,0.08,,,,,,,,,,,,,,,,,,,,,,,,,,,,,0.04,,,,,,,,,,,,,,,,,,,,,,,,,,,,,,,,,,,,,,,,,0.03,,,,,,0.03,0.04,0.02,,0.04,0.07,0.04,0.09,0.1,0.08,0.3,0.1,0.18,0.17,0.15,0.03,0.02,0.09,0.35,0.09,0.21,0.12,0.06,,0.13,0.26,0.02,,0.13,0.16,0.67,0.31,0.39,0.18,6.13,0.03,0.09,0.08,0.75,,,,0.03,,,,,,,0.02,0.01,,,0.13,0.14,,,0.02,,,0.02,0.07,0.02,0.0,,0.02,,,,,,0.01,,,0.0,,,0.0,,0.13,,0.03,,0.01,0.05,,0.17,0.05,,4.13,2.76,1.75,0.52,0.29,0.24,1.53,0.66,1.1,17.87,,1.61,0.69,0.95,0.25,0.06,,,,,,,,,,,,,,,,,,,,,,,,,,,,,,,,,,,,,,,,,,,,,,,,,,,,,,,,,,,,,,,
Xishuangbannadaizuzizhizhou_532800,,,,,,,,,,,,,,,,,,,,,,,,,,,,,,,,,,,,,,,,,,,,,,,,,,,,,,,,,,,,,,,,0.01,,,,,,,,,,,,,,,,,,,,,,,,,,,,,,,,,,,,,,,,,,,,,,,,,,,,,,,,,,,,,,,,,,,,,,,,,,,,,,,,,,,,,,,,,,,,,,,,,,,,,,,,,,,,,,,,,,,,,,,,,,,,,,,,,,,,,,,,,,,,,,,,,,,,,,,,,,,,,,,,,,,,0.01,,,,,,,,,,,,,,,,,,,,,,,,,,,,,,,,,,,,,,,,,,,,,,,,,,,,,,,,0.81,0.23,0.6,0.08,0.02,0.12,10.14,0.26,0.12,0.48,0.11,,0.12,0.21,0.09,,,,,,,,,,,,,,,,,,,,,,,,,,,,,,,,,,,,,,,,,,,,,,,,,,,,,,,,,,,,,,,,
Dalibaizuzizhizhou_532900,,,,,,,,,,,,,,,,,,,,,,,,,,,,,,,,,,,,,,,,,,,,,,,,,,,,,,,,,,,,,,,,,,,,,,,,,,,,,,,,,,,,,,,,,,,,,,,,,,,,,,,,,,,,,,,,,,,,,0.03,,,,,,,,,,,,,,,,,,,,,,,,,,,,,,,,,,,,,,,,,,,,,,,,,,,,,,,,,,,,,,,,,,,,,,,0.04,0.05,,,,,,,,,0.05,,,,,,,,,,,,,,,,,,,,,,0.02,,,,,,0.02,0.04,0.01,0.05,,,0.01,,,,,,,,,,,0.01,,,,,0.02,,,,,0.08,0.02,,0.55,0.02,,0.02,,,,0.01,,,0.04,,,0.04,,0.0,,0.29,0.23,0.04,0.09,0.03,0.04,0.07,0.03,0.09,0.05,0.04,7.23,1.76,2.43,24.93,0.44,41.01,7.05,19.56,14.28,1.84,1.84,1.23,,12.71,47.34,24.27,0.09,0.04,0.69,0.09,0.01,,,,,,0.08,,,,,,,,,,,,,,,,,,,,0.04,,,,,,,,,,,,,,,,,0.03,,,,,,,,,,,,,,0.01,
Dehongdaizujingpozuzizhizhou_533100,,,,,,,,,,,,,,,,,,,,,,,,,,,,,,,,,,,,,,,,,,,,,,,,,,,,,,,,,,,,,,,,,,,,,,,,,,,,,,,,,,,,,,,,,,,,,,,,,,,,,,,,,,,,,,,,,,,,,,,,,,,,,,,,,,,,,,,,,,,,,,,,,,,,,,,,,,,,,,,,,,,,,,,,,,,,,,,,,,,,,,,,,,,,,,,,,,,,,,,,,,,,,,,,,,,,,,,,,,,,,,,,,,,,,,,,,,,,,,,,,,,,,,,,,,,,,,,,,,,,,,,0.01,,,,,,0.0,,,,,,,,,,,,,,,0.74,0.1,0.19,16.52,0.04,0.14,0.69,0.66,0.3,0.1,0.15,0.17,1.1,,0.41,0.06,,,,,,,,,,,,,,,,,,,,,,,,,,,,,,,,,,,,,,,,,,,,,,,,,,,,,0.04,,,,,,,,,,
Nujianglisuzuzizhizhou_533300,,,,,,,,,,,,,,,,,,,,,,,,,,,,,,,,,,,,,,,,,,,,,,,,,,,,,,,,,,,,,,,,,,,,,,,,,,,,,,,,,,,,,,,,,,,,,,,,,,,,,,,,,,,,,,,,,,,,,,,,,,,,,,,,,,,,,,,,,,,,,,,,,,,,,,,,,,,,,,,,,,,,,,,,,,,,,,,,,,,,,,,,,,,,,,,,,,,,,,,,,,,,,,,,,,,,,,,,,,,,,,,,,,,,,,,,,,,,,,,,,,,,,,,,,,,,,,,,,,,,,,,,,,,,,,,,,,0.02,,,,,0.02,,,,,0.36,0.08,0.06,7.44,0.02,1.18,0.12,0.34,0.17,0.06,0.05,0.26,7.69,0.37,,4.59,,,,0.54,0.01,,,,,,,,,,,,,,,,,,,,,,,,,,,,,,,,,,,,,,,,,,,,,,,,,,0.04,,,,,,,0.01,
Diqingzangzuzizhizhou_533400,,,,,,,,,,,,,,,,,,,,,,,,,,,,,,,,,,,,,,,,,,,,,,,,,,,,,,,,,,,,,,,,,,,,,,,,,,,,,,,,,,,,,,,,,,,,,,,,,,,,,,,,,,,,,,,,,,,,,,,,,,,,,,,,,,,,,,,,,,,,,,,,,,,,,,,,,,,,,,,,,,,,,,,,,,,,,,,,,,,,,,,,,,,,,,,,,,,,,,,,,,,,,,,,,,,,,,,,,,,,,,,,,,,,,,,,,,,,,,,,,,,,,,,,,,,,,,,,0.02,,,,,,,,,,,,,,,,,3.53,0.04,,,,,,,,,,0.4,0.04,0.08,0.14,,13.86,,0.22,0.31,0.07,,0.14,3.79,0.17,4.0,,0.07,,5.59,0.06,0.03,,,,,,,,,,,,,,,,,,,,,,,,,,,,,,,,,,,,,,,,,,,,,,,,,,,,,,,,,,
Lasashi_540100,,,,,,,,,,,,,,,,,,,,,,,,,,,,,,,,,,,,,,,,,,,,,,,,,,,,,,,,,,,,,,,,,,,,,,,,,,,,,,,,,,,,,,,,,,,,,,,,,,,,,,,0.08,,,,,,,,,,,,,,,,,,,,,,,,,,,,,,,,,,,,,,,,,,,,,,,,,,,,,,,,,,,,,,,,,,,,,,,,,,,,,0.09,,,,,,,,,,,,,,,,,,,,,,,,,,,,,,,,,,,,,,,,,,,,,,,,,,,,,,,,,,,,,,,,,,,,,,,,,,0.07,0.01,,0.03,,0.05,,0.06,,0.01,0.1,0.01,0.01,0.01,,0.02,,0.01,0.02,0.16,,,,,,,,,,,,,,,,0.06,,,,,,,,,,0.06,,76.77,5.95,49.68,81.67,80.67,20.24,,,,,,,,,,,0.04,,,0.05,,,0.05,,,,0.01,0.03,0.14,0.01,0.18,0.04,,0.1,0.03,0.06,0.59,1.02,,,,,,,,,,,0.09,,,,0.03,,,,,,,,,
Rikazeshi_540200,,,,,,,,,,,,,,,,,,,,,,,,,,,,,,,,,,,,,,,,,,,,,,,,,,,,,,,,,,,,,,,,,,,,,,,,,,,,,,,,,,,,,,,,,,,,,,,,,,,,,,,,,,,,,,,,,,,,,,,,,,,,,,,,,,,,,,,,,,,,,,,,,,,,,,,,,,,,,,,,,,,,,,,,,,,,,,,,,,,,,,,,,,,,,,,,,,,,,,,,,,,,,,,,,,,,,,,,,,,,,,,,,,,,,,,,,,,,,,,,,,,,,,,,,,,,,,,,,,,,,,,,,,,,,,,,,,,,,,,,,,,,,,,,,,,,,,,,,,,,16.89,,0.26,0.76,3.26,2.6,30.16,,,,,,,,,,,,,0.01,,,,,,,,,,0.03,,,,,,,,,0.08,,,,,,,,,,,,,,,,,,,,,,,,
Changdoushi_540300,,,,,,,,,,,,,,,,,,,,,,,,,,,,,,,,,,,,,,,,,,,,,,,,,,,,,,0.01,,,,,,,,,,,,,,,,,,,,,,,,,,,,,,,,,,,,,,,,,,,,,,,,,,,,,,,,,,,,,,,,,,,,,,,,,,,,,,,,,,,,,,,,,,,,,,,,,,,,,,,,,,,,,,,,,,,,,,,,,,,,,,,,,,,,,,,,,,,,,,,,,,,,,,,,,,,,,,,,,,,,,,,,,,,,,,,,,,,,,,,,,,,,,,,,,,,,,,,,,,,,,,,,,,,,,,,0.02,,,0.02,6.19,,,,,,,,,,,,,,,,,,,,,,,0.03,,,2.04,1.69,0.34,,23.91,0.26,3.3,,,,,,,,,,,,,,,,,,,,,,,,,,,,,,0.01,,9.47,,,,,,,,,,,,,,,,,,,,,,,,,
Linzhishi_540400,,,,,,,,,,,,,,,,,,,,,,,,,,,,,,,,,,,,,,,,,,,,,,,,,,,,,,,,,,,,,,,,,,,,,,,,,,,,,,,,,,,,,,,,,,,,,,,,,,,,,,,,,,,,,,,,,,,,,,,,,,,,,,,,,,,,,,,,,,,,,,,,,,,,,,,,,,,,,,,,,,,,,,,,,,,,,,,,,,,,,,,,,,,,,,,,,,,,,,,,,,,,,,,,,,,,,,,,,,,,,,,,,,,,,,,,,,,,,,,,,,,,,,,,,,,,,,,,,,0.0,,,,,,,,,,,0.0,,,,0.03,,,,,,,,,,,,,,,,,,,,,,,,,0.34,0.03,13.96,2.42,17.17,,4.19,0.85,0.4,,,,,,,,,,,,,,,,,,,,,,,,,,,,,,,0.09,,,,,,,,,,,,,,,,,,,,,,,,,
Shannanshi_540500,,,,,,,,,,,,,,,,,,,,,,,,,,,,,,,,,,,,,,,,,,,,,,,,,,,,,,,,,,,,,,,,,,,,,,,,0.09,,,,,,,,,,,,,,,,,,,,,,,,,,,,,,,,,,,,,,,,,,,,,,,,,,,,,,,,,,,,,,,,,,,,,,,,,,,,,,,,,,,,,,,,,,,,,,,,,,,,,,,,,,,,,,,,,,,,,,,,,,,,,,,,,,,,,,,,,,,,,,,,,,,,,,,,,,,,,,,,,,,,,,,,,,,,,,,,,,,,,,,,,,,,,,,,,,,,,,,,,,,,,,,,,,,,,,,,,,,,,,,,,,,,22.2,7.11,0.82,6.55,,1.35,3.84,,,,,,,,,,,,,,,,,,,,,,,,,,,,0.02,,,,,,,,,,,,,,,,,,,,,,,,,,,,
Naqushi_540600,,,,,,,,,,,,,,,,,,,,,,,,,,,,,,,,,,,,,,,,,,,,,,,,,,,,,,,,,,,,,,,,,,,,,,,,,,,,,,,,,,,,,,,,,,,,,,,,,,,,,,,,,,,,,,,,,,,,,,,,,,,,,,,,,,,,,,,,,,,,,,,,,,,,,,,,,,,,,,,,,,,,,,,,,,,,,,,,,,,,,,,,,,,,,,,,,,,,,,,,,,,,,,,,,,,,,,,,,,,,,,,,,,,,,,,,,,,,,,,,,,,,,,,,,,,,,,,,,,,,,,,,,,,,,,,,,0.01,,,,,,,,,,,,,,,,,,,,,,,,,,,11.85,1.69,5.69,0.19,0.82,,17.0,,,,,,,,,,,,,,,,,,,,,,,,,,,,,,,3.65,1.29,,,,,,,,,,,0.02,,,,,,,,,,,,,
Alidiqu_542500,,,,,,,,,,,,,,,,,,,,,,,,,,,,,,,,,,,,,,,,,,,,,,,,,,,,,,,,,,,,,,,,,,,,,,,,,,,,,,,,,,,,,,,,,,,,,,,,,,,,,,,,,,,,,,,,,,,,,,,,,,,,,,,,,,,,,,,,,,,,,,,,,,,,,,,,,,,,,,,,,,,,,,,,,,,,,,,,,,,,,,,,,,,,,,,,,,,,,,,,,,,,,,,,,,,,,,,,,,,,,,,,,,,,,,,,,,,,,,,,,,,,,,,,,,,,,,,,,,,,,,,,,,,,,,,,,,,,,,,,,,,,,,,,,,,,,,,,,,,0.03,0.36,3.06,,,0.09,0.85,,,,,,,,,,,,,,,,,,,,,,,,,,,,,,,,,,,,,,,,,,,,,,,,0.05,0.34,,,,,,,,
Xianshi_610100,,,,,,,,,,,,,,,,,,,,0.02,0.14,0.02,0.06,,,0.04,,,0.05,0.06,0.08,0.02,,0.03,0.11,,,,,,,,,,,,,,0.03,,,,,,,,,,,,,,0.03,,,,,,,,,,,,,,,,,,,,,,,,,,,,,,,,,,,,,,,,,,,,,,,,,,,,,,,,,,,,,,,,,,,,,,,,,,,,,,,,,,,,,,,,,,0.04,,,,,,,,0.7,0.21,,,,,,,,,,,,,,,,,,,0.02,,0.03,,,,,,,,,,,,,,,,,,,,,,,,,,,,,,,,,,,,,,,,,,,,,,,,,,,,,,,,,,,,,,,0.01,,,,,,,,0.01,0.01,0.05,,,,0.08,,0.0,,,,,,,,0.05,,,0.07,0.02,,,,,0.01,,,,,,,0.05,,,,,0.09,0.04,,0.04,0.05,0.03,,,,,,,0.03,,,,,7.76,9.7,43.94,15.74,6.69,5.16,1.62,7.59,16.66,0.06,0.03,0.05,0.05,0.26,0.02,0.09,0.07,0.07,0.35,0.06,0.07,,0.01,0.05,0.01,0.01,0.02,,,,0.04,0.05,0.06,0.05,0.09,0.04,,,,0.05,0.01,,,,,,,0.02,,0.01,,,,,
Tongchuanshi_610200,,,,,,,,,,,,,,,,,,,,,,,,,,,,,,,,,,,,,,,,,,,,,,,,,,,,,,,,,,,,,,,,,,,,,,,,,,,,,,,,,,,,,,,,,,,,,,,,,,,,,,,,,,,,,,,,,,,,,,,,,,,,,,,,,,,,,,,,,,,,,,,,,,,,,,,,,,,,,,,,,0.07,,,,,,,,,,,,,,,,,,,,,,,,,,,,,,,,,,,,,,,,,,,,,,,,,,,,,,,,,,,,,,,,,,,,,,,,,,,,,,,,,,,,,,,,,,,,,,,,,,,,,,,,,,,,,,,,,,,,,,,,,,,,,,,,,,,,,,,,,,,,,,,,,,1.46,,0.62,1.84,6.71,3.55,0.63,0.41,0.33,1.5,,0.03,,,,,,,,,,,,,,0.01,,,,,,,,,,,,,,,,,,,,,,,,,,,,,,
Baojishi_610300,,,,,,,,,,,,,,,,0.05,,,0.03,0.02,0.15,0.01,0.07,0.02,,,,,,,,0.11,0.02,,,0.04,,,,,,,,,,,,,,,,,,,,,,,,,,,,,,,,,,,,,,,,,,,,,,,,,,,,,,,,,,,,,,,,,,,,,,,,,,,,,,,,,,,,,,,,,,,,,,,,,,,,,,,,,,,,,,,,,,,0.03,0.08,,,,,,,,,0.08,0.1,,,,,,,,,,,,,,,,,,,,,,,,,,,,,,,,,,,,,,,,,,,,,,,,,,,,,,,,,,,,,,,,,,,,,,,,,,,,,,,,,,,,,,,,,,,,0.01,,,,0.01,0.03,0.12,,,0.01,0.02,0.01,,,,0.0,0.08,,,0.02,,,,,,,,,,,,,0.02,,,,0.01,,0.04,,,,,,,,,,,,0.01,,,4.48,4.13,,14.58,2.37,0.93,9.15,0.41,0.64,2.44,0.18,,0.03,0.12,2.96,0.05,0.13,3.18,,0.64,0.13,1.28,0.03,0.07,0.07,0.02,,,,,,0.07,0.06,0.22,0.09,0.27,0.05,0.04,0.03,0.08,0.16,,,,0.03,0.02,,,,,,0.01,,,,
Xianyangshi_610400,,,,,,,,,,,,,,,,,,,0.02,,0.15,0.01,,,,,,,,,,,,,,,,,,,,,,,,,,,,,,,,,,,,,,,,,,,,,,,,0.02,,,,,,,,,,,,,,,,,,,,,,,,,,,,,,,,,0.03,,,,,,,,,,,,,,,,,,,,,,,,,,,,,,,,,,,,,,,,,,,,,,,,,,0.04,,,,0.08,,,,0.33,0.14,0.06,,,,,,,,,,,,,,,,,,,,,,,,,,,,,,,,,,,,,,,,,,,,,,,,,,,,,,,,,,,,,,,,,,,,,,,,,,,,,,,,,,,,,,,,,,,,,,,,,,,,,,,,,0.02,,0.05,,,,,,,,,,,,,,,,,,,,0.03,,,,,,,,,,,,,,,,,43.82,9.75,15.89,,5.29,2.38,1.66,0.61,0.74,4.33,0.08,,0.03,0.02,0.19,0.03,0.07,1.27,0.06,2.41,0.04,0.07,,,0.07,,,,0.01,,,0.06,0.05,0.12,0.02,0.07,0.09,,,,,0.01,,,,,,,,,,,,,0.01,
Weinanshi_610500,,,,,,,,,,,,,,0.03,0.03,0.04,0.04,0.09,0.04,0.06,3.36,0.02,0.77,,,,,,,0.05,,0.03,,,,,,,,,,,,,,,,,,,,,,,,,,,,,,,,,,,,,,,,,,,,,,,,,,,,,,,,,,,,,,,,,,,,,,,,,,,,,,,,,,,,,,,,,,0.06,,,,,,,,,,,,,,,,,,,,,,,,,,,,,,0.1,0.03,,0.03,0.04,0.07,,0.03,,1.51,0.11,0.05,,,,0.05,,,,,,,,,,,,,,,,,,,,,,,,,,,,,,,,,,,,,,,,,,,,,,,,,,,,,,,,,,,,,,,,,,,,,,,,,,,,,,,,,,,,,,,,,,,0.01,0.03,0.04,,,,,,,,,0.01,0.03,,,,0.02,,,,,,,,,,,,,,0.02,,,,,,,,,,,,,0.02,,,,0.05,,11.96,34.07,2.08,3.24,,8.24,1.99,0.78,1.66,5.64,0.06,,0.25,,0.16,,0.03,0.07,,0.38,0.02,0.06,,0.01,,,0.03,,0.01,,,0.03,0.04,0.11,0.06,0.03,,0.03,,,,,,,,,0.02,0.04,0.01,,0.01,,,,0.01,
Yananshi_610600,,,,,,0.05,,,,,,,,,,,,0.09,,0.03,0.75,,2.38,0.19,,,0.12,,,0.05,,0.02,,,,0.04,,,,,,,,,,,,,,,,,,0.03,,,,,,,,,,,,,,,,,,,,,,,,,,,,,,,,,,,,,,,,,,,,,,,,,,,,,,,,,,,,,,,,,,,,,,,,,,,,,,,,,,,,,,,,,,,,,,,,,,,,,,,,,,,0.07,,,,,,,,,,,,,,,,,,,,,,,,,,,,,,,,,,,,,,,,,,,,,,,,,,,,,,,,,,,,,,,,,,,,,,,,,,,,,,,,,,,,,,,,,,,,,,,,,,,,,,,,,,,,,,,,,,,,,,,,,,,,,,,,,,,,,,,,,,,,,,,,,,3.64,9.68,0.48,1.02,5.29,,0.28,3.87,0.24,1.03,,,0.03,,,,,0.09,0.04,2.2,,,,,,,,,,,,,0.11,0.08,0.1,,0.04,,0.02,,,,,,,,,,,,,,,,,
Hanzhongshi_610700,,,,,,,,,,,,,0.02,0.05,,0.05,0.05,0.14,0.03,0.06,0.24,,0.11,0.04,,0.03,,,,0.03,,0.1,,,,,,,,,,,,,,,,,,,,,,,,,,,0.05,,,,,,,,,,,,,,,,0.05,,,0.05,,,,,,,,,,,,,,,,,,,,,,,,,,,,,,,,,,,,,,,,,,,,,,,,,,,,,,,,,,,,,,,,,,,,,,,,,,0.12,,,,,,,,,0.14,,,,,,,,,0.1,,0.06,,,,,,,,,,,,,,,,,,,,,,,,,,,,,,,,,,,,,,,,,,,,,,,,,,,,,,,,,,,,,,,,,,,,,,,,,,,,,,,,,0.09,0.09,0.02,0.01,,0.09,0.2,2.58,0.05,0.03,0.07,0.09,0.03,0.03,0.09,0.19,0.09,1.4,0.01,0.04,0.08,0.02,,,,,,,,,,,,,,0.03,,,,0.04,0.02,,,,0.01,,0.03,0.04,,0.03,0.03,,,,3.85,3.17,9.77,1.82,2.26,0.69,,0.34,23.06,0.65,0.06,0.04,,0.05,0.22,,,0.18,0.06,0.17,0.04,4.27,0.03,0.05,0.07,0.0,,,,,,0.12,0.06,0.19,0.07,0.09,0.02,0.06,,,,0.04,,,0.06,,0.02,,0.03,0.01,,,0.04,,,
Yulinshi_610800,,,0.32,,,0.23,0.36,0.13,0.1,,0.13,,0.04,0.18,0.41,0.85,0.36,0.68,0.45,0.56,1.75,6.72,3.5,6.72,0.25,0.79,0.89,,,12.79,,0.29,0.11,0.02,0.03,0.42,,,0.06,,,,,0.03,,,,,0.04,0.04,,,,0.01,,,0.01,0.02,,,,,,0.03,0.05,,,,,,,,,,,,,,,,,,,,,,,,,,,,,,,,,,,,,,,,,,,,,,,,,,,,,,,,,,,,,,,,,,,,,,,0.05,0.04,0.05,,0.04,0.13,0.1,,0.03,0.09,0.05,0.36,0.02,,,,0.09,,0.11,,0.05,0.22,0.07,,,0.48,0.22,,,,,0.22,,,,,,,,,,,,,,,,,,,,,,,,,,,,,,,,,,,,,,,,,,,,,,,,,,,,,,,,,,,,,,,,,,,,,,,,0.04,,,,,,,,,,,,,,,,,,,,,0.03,,,,,,,,0.05,,0.01,,,,,,,,,,,,,,,,,,,,0.03,,,,,,,,,,,,,,,,,3.87,3.84,1.54,0.99,3.11,28.08,0.99,,1.97,1.6,0.15,0.11,0.15,0.49,0.08,0.28,0.5,0.19,0.21,3.96,0.08,0.03,0.05,0.07,0.11,0.04,,,0.03,0.2,,0.23,0.98,0.57,1.98,0.19,0.54,,0.01,0.04,0.12,0.01,,,,,,,,0.0,,0.01,,,,
Ankangshi_610900,,,,,,0.06,0.04,,,0.14,,0.05,,,,0.04,0.14,0.18,0.12,,0.27,0.12,0.15,0.16,,,0.03,,,,,0.02,,,0.03,,,,,,0.06,,,,,,,,,,,,,,,,,,,,,,,,,,,,,,,,,,,,0.04,,,,,,,,,,,0.14,,,,,,,,,,,,,,,0.03,,,,,,,,,,,,,0.03,,,,,,,,,,,,,,,,,,,,,0.03,,0.05,0.04,,,,,0.06,,0.04,0.02,,,,0.1,,,0.03,,,,,,0.18,0.22,,,,,0.05,,,3.46,0.07,0.38,,0.06,,,,,0.09,,,,,,,,,,,,,,,,,,,,,,,,,,,,,,,0.05,,,,,,,,,,,,,,,,,,,,,,0.03,,,,,,,,,,,,,,,,,,,,,0.17,0.03,,,,0.04,0.06,0.08,0.03,0.0,0.01,0.06,0.04,0.01,0.03,0.37,0.02,0.13,0.02,0.0,0.05,0.06,0.02,0.03,,,0.02,,,,,,,,,,,,,,,,,,,,,,,0.03,0.03,,,,1.98,1.55,1.33,1.27,2.01,1.03,17.31,0.4,,9.13,,0.03,,0.04,0.04,,0.05,0.07,0.03,0.05,,0.11,0.02,,0.03,,,,0.03,,,,,,,0.02,,,,,,,,0.03,,,,,,,,,,,,
Shangluoshi_611000,,,,,,,,,,,,,,,,,,,0.05,,,,,,,,,,,,,,,,,,,,,,,,,,,,,,,,,,,,,,,,,,,,,,,,,,,,,,,,,,,,,,,,,,,,,,,,,,,,,,,,,,,,,,,,,,,,,,,,,,,,,,,,,,,,,,,,,,,,,,,,,,,,,,,,,,,,,,,,,,,,,,0.43,0.33,,,,,,,,0.51,,,,,,,,,,,,,0.02,,,,,,,,,,,,,,,,,,,,,,,,,,,,,,,,,,,,,,,,,,,,,,,,,,,,,,,,,,,,,,,,,,,,,,,,,,,,,,,,,,,,,,,,,,0.01,,,,,,,,,,,,,,,,,,,,,,,,,,,,0.02,,,,,,1.92,1.03,0.45,0.63,1.22,0.41,0.3,0.12,2.4,,,,,,0.04,,,,,0.14,0.01,0.14,,0.01,,0.01,,,,,,,,0.05,0.04,0.02,0.07,,,,,,,,,,,,,,,,,,,
Lanzhoushi_620100,0.09,0.24,0.06,,,,,,0.03,,,,,0.06,0.08,0.02,0.06,,0.05,0.07,0.1,,,0.08,0.14,0.17,0.17,0.04,,0.09,,0.29,0.02,0.02,0.04,1.74,0.1,0.27,0.11,0.09,0.13,0.09,0.06,0.05,,0.04,0.02,,,,0.09,0.03,,0.03,,,,,,0.1,,,,,,,,,,,,,0.09,0.06,,0.13,,,0.1,0.05,,,0.06,0.04,0.04,,,0.09,,,,,,,,,,,,0.04,,0.03,0.05,0.02,,,,,0.03,,0.03,,,,0.02,,,0.05,,,0.03,,0.05,,,,,,,,,,,0.04,0.06,,,,,0.05,,0.03,0.06,,,0.03,,,0.06,0.05,0.06,0.13,0.03,,,0.06,,,,,0.16,0.16,0.05,,0.05,0.07,0.04,0.04,,0.07,0.08,0.06,0.01,0.06,,0.06,,,,,,,0.02,,0.02,0.02,,,0.05,,,,0.03,,,,0.02,,,,,,,,,,,,,,,,,,,,,0.03,,,,0.09,,0.11,0.08,,,,,,,,,0.04,0.07,,,,0.06,0.05,0.11,,,,,,0.09,0.02,,0.05,,0.02,0.14,0.09,,,,0.03,0.09,0.43,0.04,0.02,0.05,0.09,0.03,0.01,0.02,0.03,0.06,0.07,,0.03,0.01,0.1,0.02,,0.04,0.01,,,,,,0.13,,0.02,,,,,,,,,0.08,,0.03,0.06,,0.67,0.02,0.13,0.09,0.15,0.11,,0.67,,2.68,0.4,0.55,0.31,0.69,0.53,0.15,1.12,,4.52,18.39,53.78,28.93,39.64,20.55,21.78,8.86,15.34,47.23,17.36,49.23,33.35,4.27,6.58,0.86,0.83,0.64,1.22,0.59,3.36,1.04,0.53,0.43,1.17,1.35,0.61,0.37,0.47,1.95,0.19,0.04,0.34,0.92,0.1,1.88,1.55,0.15,0.05,0.07,0.25,0.67,0.3,0.17,0.06
Jiayuguanshi_620200,,,,,,,,,,,,,,,,,,,,,,,,,,,0.02,,,,,0.03,,,,1.37,,,,,,,,,,,,,,,,,,,,,,,,,,,,,,,,,,,,,,,,,,,,,,,,,,,,,,,,,,,,,,,,,,,,,,,,,,,,,,,,,,,,,,,,,,,,,,,,,,,,,,,,,,,,,,,,,,,,,,,,,,,,,,,,,,,,,,,,,,,,,,,,,,,,,,,,,,,,,,,,,,,,,,,,,,,,,,,,,,,,,,,,,,,,,,,,,,,,,,,,,,,,,,,,,,,,,,,,,,,0.01,,,,,0.07,,,,,,,,,,,,,,,,,,,,,,,,,,,,,,,,,,,,,,,,,,,,,,,0.04,0.07,0.12,,,,,,,,0.66,,0.77,0.19,0.34,2.21,12.26,0.06,52.2,0.13,0.13,0.07,0.18,0.05,0.06,0.03,,,,,,,0.05,,0.03,,0.08,0.05,0.02,0.1,1.36,0.02,0.02,0.07,0.03,,,,,,,0.03,0.05,,0.03,
Jinchangshi_620300,,,,,,,,,,,,,,,,,,,,,,,,,,,0.02,,,,,,,,,2.61,,,,,,,,,,,,,,,,,,,,,,,,,,,,,,,,,,,,,,,,,,,,,,,,,,,,,,,,,,,,,,,,,,,,,,,,,,,,,,,,,,,,,,,,,,,,,,,,,,,,,,,,,,,,,,,,,,,,,,,,,,,,,,,,,,,,,,,,,,,,,,,,,,,,,,,,,,,,,,,,,,,,,,,,,,,,,,,,,,,,,,,,,,,,,,,,,,,,,,,,,,,,,,,,,,,,,,,,,,,,,,,,0.03,,,,,,,,,,,,,,,,,,,,,,,,,,,,,,,,,,,,,0.01,,,,,0.03,,0.05,,,,,,,0.12,,,,,,1.86,0.84,,0.54,0.17,18.16,6.87,0.02,0.93,0.21,0.27,0.1,0.35,0.1,0.04,0.03,0.11,,,,,0.05,0.07,0.06,0.06,0.01,0.14,,,0.04,0.37,0.02,,,0.03,,0.03,,0.03,,0.01,0.03,0.02,,,0.06
Baiyinshi_620400,,,,,,,,,,,,,,,,,,,0.02,,,,,0.04,0.07,0.04,0.18,,,0.09,,0.14,0.01,,,5.51,,,,,0.04,,,,,,,,,,,,,,,,,,,,,,,,,,,,,,,,,,,,,,,,,,,,,,,,,,,,,,,,,,,,,,,,,,,,,,,,,,,,,,,,,,,,,,,,,,,,,,,,,,,,,,,,,,,,,,,,,,,,,,,,0.13,,,,,,,,,,,,,,,,,,,,,,,,,,,,,,,,,,,,,,,,,,,,,,,,,,,,,,,,,,,,,,,,,,,,,,,,,,,,,,,,,,,,0.01,,,0.02,,,,,,,0.01,,0.01,,,0.07,,,,,0.0,,,,,,,,,,,,,,,,,,,,,,,,,,,,,,,,,,,0.08,0.04,0.16,,,,,,,0.41,,,0.34,,0.84,0.12,0.28,17.5,0.36,2.05,,2.94,5.72,1.85,4.67,0.75,2.99,8.43,1.34,2.26,0.9,0.47,0.23,0.07,,0.07,,,0.82,0.5,0.26,0.58,1.36,4.71,0.05,,0.1,0.17,0.04,0.04,0.11,0.05,0.02,0.07,0.09,0.03,0.01,0.01,0.05,0.07,,,
Tianshuishi_620500,,0.16,,,,,,,,,,,,,,,,,0.01,0.03,0.1,,,,,0.03,0.06,,,,,,,,,0.09,,,,,0.05,0.03,,,,,,,,,,,,,,,,,,,,,,,,,,,,,,,,,,,,0.06,,,,,,,,,,,,,,,,,,,,,,,,,,,,,,,,,,,,,,,,,,,,,,,,,,,,,,,,,,,,,,,,,,0.02,,,,,,,,0.1,,,,,,,,,,,,,,,,,,0.06,,,,,,,,0.07,,,,0.02,,,,,,,,,,,,,,,,,,,,,,,,,,,,,,,,,,,,,,,,,,,,,,,,,,,,,,,,,,,,,,,,,,,,,,,,,,,0.01,,,0.05,0.01,,0.02,0.04,,,,,,,0.01,,0.01,,,,,,,,,,,,,,,,,,,,,,,,,,,0.15,0.02,,0.09,0.03,0.11,,0.56,0.07,7.81,0.39,0.5,,0.48,,0.15,0.56,8.82,0.39,1.95,1.83,,0.86,0.83,14.25,0.88,4.38,11.94,26.67,2.05,0.68,0.3,0.04,0.03,0.07,0.01,,,0.29,0.12,0.13,0.06,0.9,0.13,0.19,0.08,0.08,0.28,0.04,0.02,0.08,0.03,,0.1,0.11,0.06,0.01,0.07,0.07,0.07,,0.03,0.06
Wuweishi_620600,,,,,,,,,,,,,,,,,,,,,,,,,0.04,0.03,0.19,,,0.04,,0.23,,,,5.29,,,,,,,,,,,,,,,,,,,,,,,,,,,,,,,,,,,,,,,,,,,,,,,,,,,,,,,,,,,,,,,,,,,,,,,,,,,,,,,,,,,,,,,,,,,,,,,,,,,,,,,,,,,,,,,,,,,,,,,,,,,,,,,,,,,,,,,,,,,,,,,,,,0.02,,,,,,,,,,,,,,,,,,,,,,,,,,,,,,,,,,,,,,,,,,,,,,,,,,,,,,,,,,,,,,,,,,,,,,,,,,,,0.0,,0.02,0.01,,,,,,,,,,0.0,0.0,0.02,,,,,,,,,,,,,,,,,,,,,,,,,,,0.11,0.04,0.09,0.06,0.09,,,0.09,,,0.06,,,,0.08,0.18,,7.91,3.0,49.11,3.7,0.69,,13.79,0.54,2.89,1.15,1.05,0.42,1.82,0.55,0.39,0.92,0.31,0.05,0.07,0.13,,0.26,0.23,0.2,0.28,0.13,0.63,0.24,0.15,0.47,1.66,0.16,0.02,0.13,0.24,0.04,0.21,0.2,0.07,0.05,0.03,0.04,0.11,,0.03,0.38
Zhangyeshi_620700,,,,,,,,,,,,,,,,,,0.07,,,,,,0.03,,,,,,,,0.03,,,,1.82,,,,,,,,,,,,,,,,,,,,,,,,,,,,,,,,,,,,,,,,,,,,,,,,,,,,,,,,,,,,,,,,,,,,,,,,,,,,,,,,,,,,,,,,,,,,,,,,,,,,,,,,,,,,,,,,,,,,,,,,,,,,,0.16,,,,,,,,,,,,,,,,,,,,,,,,,,,,,,,,,,,,,,,,,,,,,,,,,,,,,,,,,,,,,,,,,,,,,,,,,,,,,,,,,,,,,,,,,,,,,,0.01,,,,,,,,,,,,,,,,,,,,,,,,,,,,,,,,,,,,,,,,,,,,,0.08,,,,,,,0.08,0.36,,,,,,,,,2.92,11.43,8.47,0.77,0.21,6.47,,0.27,12.84,1.0,0.43,0.15,0.45,0.17,0.57,0.09,4.35,,0.01,0.13,,0.24,0.07,0.1,0.08,,0.21,0.12,0.07,0.49,2.59,0.15,0.06,0.18,0.12,0.02,0.16,0.32,0.03,0.01,0.03,0.09,0.07,0.05,0.09,0.03
Pingliangshi_620800,,,,,,,,,,,,,0.03,,,,,,,,,,,,,,0.09,,,0.06,,0.19,,0.01,,0.21,,,,,,,,,,,,,,,,,,,,,,,,,,,,,,,,,,,,,,,,,,,,,,,,,,,,,,,,,,,,,,,,,,,,,,,,,,,,,,,,,,,,,,,,,,,,,,,,,,,,,,,,,,,,,,,,,,,,,,,,,,,,,0.1,,,,,,,,,,,,,,,,,,,,,,,,,,,,,,,,,,,,,,,,,,,,,,,,,,,,,,,,,,,,,,,,,,,,,,,,,,,,,,,,,,,,,,0.03,,,,,,,,,,,,,0.02,,,,,,,,,,,,,,,,,,,,,,,,,,,,,,,,,,,,,,,,0.05,,0.03,,,0.02,,0.4,0.29,5.46,1.82,0.16,0.27,0.25,0.13,0.12,0.37,4.92,0.02,0.79,2.45,10.16,0.58,0.48,,0.2,19.71,2.48,1.22,0.9,0.39,0.13,0.0,,0.07,0.01,,,0.23,0.68,0.3,0.38,10.96,0.73,0.06,0.03,,0.19,0.02,,0.03,,0.02,0.02,0.09,0.06,0.01,0.01,0.0,0.02,,0.06,
Jiuquanshi_620900,,,,,,,,,,,,,,,,,,,,,,,,0.06,,,0.04,,,0.03,,0.03,,,,5.66,,,,,,,,,,,,,,,,,,,,,,,,,,,,,,,,,,,,,,,,,,,,,,,,,,,,,,,,,,,,,,,,,,,,,,,,,,,,,,,,,,,,,,,,,,,,,,,,,,,,,,,,,,,,,,,,,,,,,,,,,,,,,0.1,,,,,,,,,,,,,,,,,,,,,,,,,,,,,,,,,,,,,,,,,,,,,,,,,,,,,,,,,,,,,,,,,,,,,,,,,,,,,,,,,,0.03,,,,,,,,,,,,,,,0.0,0.03,0.05,,,,,,,,,,,,,0.01,,,,,,,,,,,,,,,,,,0.03,,,,,,0.01,,,,,,,,,,,,,,,0.06,0.12,0.08,,0.18,1.86,73.05,1.77,0.42,0.23,2.94,19.52,0.18,,0.64,0.29,0.26,0.42,0.05,0.2,0.09,0.03,,0.07,,,3.49,0.06,0.03,0.08,0.05,0.16,0.56,0.35,1.38,22.44,0.66,0.32,0.86,0.59,0.02,0.25,0.09,0.32,0.1,0.09,0.28,0.31,,0.11,0.06
Qingyangshi_621000,,,,,,,,,,,,0.05,,,,,,,,,,0.02,0.1,,,,0.73,,,0.31,,0.08,,,,0.31,,,,,,,,,,,,,,,,,,,,,,,,,,,,,,,,,,,,,,,,,,,,,,,,,,,,,,,,,,,,,,,,,,,,,,,,,,,,,,,,,,,,,,,,,,,,,,,,,,,,,,,,,,,,,,,,,,,,,,,,,,,,,0.09,,,,,,,,,,,,,,,,,,,,,,,,,,,,,,,,,,,,,,,,,,,,,,,,,,,,,,,,,,,,,,,,,,,,,,,,,,,,,,,,,,,,0.01,,,,,,,,,,,,,,,,,,,,,,0.02,,,,,,,,,,,,,,,,,,,,,,,,,,,,,,,,,,,,,,,,0.64,0.36,1.74,2.87,0.59,6.38,0.15,1.58,,0.28,2.82,0.04,0.35,0.51,0.73,0.23,0.07,17.29,0.14,,0.35,0.31,0.7,0.08,0.07,,0.01,,0.04,,0.39,0.04,0.94,0.28,2.03,3.35,0.41,,0.02,0.06,0.07,,,0.03,0.02,0.02,,0.04,,,,,,0.05,,
Dingxishi_621100,,,,,,,,,,,,,,,,,,,,,,,,,,0.05,0.17,,,0.08,,0.09,,,,0.04,,,,,,,,,,0.01,,,,,,,,,,,,,,,,,,,,,,,,,,,,,,,,,,,,,,,,,,,,,,,,,,,,,,,,,,,,,,,,,,,,,,,,,,,,,,,,,,,,,,,,,,,,,,,,,,,,,,,,,,,,,,,,,,,,,,,,,,,,,,,,,,,,,,,,,,,,,,,,,,,,,,,,,,,,,,,,,,,,,,,,,,,,,,,,,,,,,,,,,,,,,,,,,,,,,,,,,,,,,,,,0.02,0.02,,,0.01,0.04,0.52,0.02,,0.02,0.02,0.0,,,,,,0.0,0.02,,,,,,,,,,,,,,,,,,,,,,,,,,,0.03,0.07,,0.03,0.03,,,,0.09,0.07,0.65,0.26,0.35,0.06,0.12,0.1,0.15,,18.9,0.37,3.05,10.07,19.46,2.15,1.69,6.99,0.99,3.37,,7.16,20.24,12.72,0.54,0.26,0.12,0.05,0.06,,,0.46,0.14,0.12,0.07,0.31,0.17,0.13,0.07,0.23,0.5,0.1,0.04,0.16,0.13,0.04,0.2,0.11,0.1,0.01,0.05,0.1,0.08,0.1,0.09,0.06
Longnanshi_621200,,,,,,,,,,,,,,,,,,,,,,,0.04,,,,0.02,,,,,0.06,,,,0.04,,,,,,,,,,,,,,,,,,,,,,,,,,,,,,,,,,,,,,,,,,,,,,,,,,,,,,,,,,,,,,,,,,,,,,,,,,,,,,,,,,,,,,,,,,,,,,,,,,,,,,,,,,,,,,,,,,,,,,,,,,,,,,,,,,,,,,,,,,,,,,,,,,,,,,,,,,,,,,,,,,,,,,,,,,,,,,,,,,,,,,,,,,,,,,,,,,,,,,,,,,0.02,,,,,,,,,,,,,,,0.14,0.09,,0.01,0.01,0.04,0.25,3.62,0.07,0.01,,0.16,0.02,,0.01,0.02,0.04,0.11,0.01,1.06,0.04,0.02,,,,,,,,,,,,,,,,,,0.02,,,0.05,,,,,,0.02,0.03,,,,,0.16,0.14,1.74,0.17,0.52,0.1,6.59,,0.21,,4.19,0.08,1.71,0.79,17.83,0.46,0.46,2.02,0.15,2.34,3.06,,0.92,11.64,0.18,0.03,0.11,,0.01,,,0.14,0.06,,,0.14,0.03,0.12,0.1,0.13,0.25,0.02,0.06,0.1,0.13,,0.02,0.27,0.09,0.02,0.05,0.01,0.04,0.05,0.01,
Linxiahuizuzizhizhou_622900,,,,,,,,,,0.03,,,,,,,,,,,,,,,,,,,,,,0.02,,,,0.04,,,,,,,,,,,,,,,,,,,,,,,,,,,,,,,,,,,,,,,,,,,,,,,,,,,,,,,,,,,,,,,,,,,,,,,,,,,,,,,,,,,,,,,,,,,,,,,,,,,,,,,,,,,,,,,,,,,,,,,,,,,,,,,,,,,,,,,,,,,,,,,,,,,,,,,,,,,,,,,,,,,,,,,,,,,,,,,,,,,,,,,,,,,,,,,,,,,,,,,,,,,,,,,,,,,,,,,,,,,,,,,,0.05,,,,,,,,,,,,0.14,0.05,,,,,,,,,,,,,,,,,,,,,,,,,,,0.33,0.29,,0.03,0.11,0.17,,,,,,,,,,,,9.55,0.22,1.11,1.41,1.09,1.22,1.17,1.85,0.43,0.89,14.12,0.58,,28.77,0.86,3.39,0.33,1.95,0.44,0.54,0.78,0.47,0.03,,0.06,0.12,0.05,,,0.02,0.1,,,0.04,,,,0.06,0.04,0.03,0.03,0.02,,,0.03,
Gannanzangzuzizhizhou_623000,,,,,,,,,,,,,,,,,,,,,,,,,,,,,,,,,,,,,,,,,,,,,,,,,,,,,,,,,,,,,,,,,,,,,,,,,,,,,,,,,,,,,,,,,,,,,,,,,,,,,,,,,,,,,,,,,,,,,,,,,,,,,,,,,,,,,,,,,,,,,,,,,,,,,,,,,,,,,,,,,,,,,,,,,,,,,,,,,,,,,,,,,,,,,,,,,,,,,,,,,,,,,,,,,,,,,,,,,,,,,,,,,,,,,,,,,,,,,,,,,,,,,,,,,,,,,,,,,,0.0,,0.11,,,,,,,,,,,,2.91,0.02,,,,,,,,,,,,,,,,,,,,,,,,,,,0.07,,,,,0.02,,,,,,,,,,,,1.8,,0.43,0.15,0.24,0.43,0.15,1.08,0.03,0.23,3.09,6.07,6.8,,0.16,0.13,0.09,2.56,0.19,2.73,0.19,0.04,,,0.03,,,,0.01,,0.05,,,,,,,,,,,,,,0.03,
Xiningshi_630100,,,,,,,,,,,,,,,,0.03,,,0.03,0.03,,,,0.06,0.04,,0.06,,,,,,,,,0.27,,,0.03,,0.06,,,,,,,,,,,,,0.01,,,,,,0.09,0.05,,,,,,,0.04,0.04,,,,,,,0.07,,,,,,,,0.04,,,,,,,,,,,,,,,,0.04,,,,,,,,,,,,,,,,,,,,,,,,,,,,,,,,,,,,,,,,,,,,,,,,,,0.03,,0.08,,,,,,,,,0.15,0.1,,,,,,,,,0.06,,,,,,,,,0.13,,,,,,,,,,,,,,,,,,,,,,,,,,,,,,,,,,,,,,,,,,,,,,,,,,,,,,,0.06,,,,,,,,,,,,,,,,,,,0.04,,,0.02,0.03,0.03,,0.01,,0.03,0.05,0.01,0.01,,,0.01,0.07,,0.02,0.08,,,,,,,,,,,,,,,,0.03,,,,,,0.05,,,,,1.1,0.22,0.32,0.22,0.09,0.2,1.61,0.08,0.22,0.53,,,,0.17,0.1,0.27,0.47,1.65,0.72,0.43,0.81,0.47,1.79,1.98,0.29,0.67,0.23,0.49,0.29,2.0,0.65,,78.8,82.32,57.74,77.98,47.13,38.2,51.05,0.18,0.24,0.11,0.03,0.08,0.07,,,0.34,0.02,,0.06,0.04,,0.02,0.04,0.03,,,0.03,0.04,0.1,0.01,0.03
Haidongshi_630200,,,,,,,,,,,,,,,,,,,,,,,,,,,,,,,,0.03,0.02,,,0.09,,,,,,,,,,,,,,,,,,,,,,,,,,,,,,,,,,,,,,,,,,,,,,,,,,,,,,,,,,,,,,,,,,,,,,,,,,,,,,,,,,,,,,,,,,,,,,,,,,,,,,,,,,,,,,,,,,,,,,,,,,,,,,,,,,,,,,,,,,,,,,,,,,,,,,,,,,,,,,,,,,,,,,,,,,,,,,,,,,,,,,,,,,,,,,,,,,,,,,,,,,,,,,,,,,,,,,,,,,,,,,,,,,,,,,,,,,,,0.02,,,,,,,,,,,,,,,,,,,,,,,,,,,,0.32,0.09,0.19,0.06,0.2,0.08,0.2,0.16,,0.14,,,,,0.1,,0.09,1.75,0.11,0.09,0.45,0.14,2.4,0.38,,0.23,,0.22,0.13,4.94,0.43,58.92,,5.71,24.39,9.2,8.4,2.86,9.73,0.05,0.17,0.02,,0.05,0.02,0.02,0.02,0.17,,,0.15,,,,,,,,,0.08,,0.01,
Haibeizangzuzizhizhou_632200,,,,,,,,,,,,,,,,,,,,,,,,,,,,,,,,,,,,,,,,,,,,,,,,,,,,,,,,,,,,,,,,,0.04,,,,,,,,,,,,,,,,,,,,,,,,,,,,,,,,,,,,,,,,,,,,,,,,,,,,,,,,,,,,,,,,,,,,,,,,,,,,,,,,,,,,,,,,,,,,,,,,,,,,,,,,,,,,,,,,,,,,,,,,,,,,,,,,,,,,,,,,,,,,,,,,,,,,,,,,,,,,,,,,,,,,,,,,,,,,,,,,,,,,,,,,,,,,,,,,,,,,,,,,,,,,,,,,,,,,,,,,,,,,,,,,,,,,,,,,,,,,,,,,,,,,,,,,,,,,0.07,0.11,0.03,,,0.22,3.05,,0.08,,,,0.13,0.02,6.69,0.73,,0.4,2.21,0.47,,1.72,,,,,,,,,,,,,,,,,,0.0,,,,,,
Huangnanzangzuzizhizhou_632300,,,,,,,,,,,,,,,,,,,,,,,,,,,,,,,,,,,,,,,,,,,,,,,,,,,,,,,,,,,,,,,,,,,,,,,,,,,,,,,,,,,,,,,,,,,,,,,,,,,,,,,,,,,,,,,,,,,,,,,,,,,,,,,,,,,,,,,,,,,,,,,,,,,,,,,,,,,,,,,,,,,,,,,,,,,,,,,,,,,,,,,,,,,,,,,,,,,,,,,,,,,,,,,,,,,,,,,,,,,,,,,,,,,,,,,,,,,,,,,,,,,,,,,,,,,,,,,,,,,,,,,,,,,,,,,,0.06,0.03,,,,,,,,,,,,,,,,,,,,,,,,,,,,,,,,0.02,,,,,,,,,,,,,,,,,0.06,,,,,,,0.4,1.42,1.99,3.01,0.23,,3.26,3.34,0.19,0.25,,,,,,,,,,,,,,,,,,,,,,,,
Hainanzangzuzizhizhou_632500,,,,,,,,,,,,,,,,,,,,,,,,,,,,,,,,,,,,,,,,,,,,,,,,,,,,,,,,,,,,,,,,,,,,,,,,,,,,,,,,,,,,,,,,,,,,,,,,,,,,,,,,,,,,,,,,,,,,,,,,,,,,,,,,,,,,,,,,,,,,,,,,,,,,,,,,,,,,,,,,,,,,,,,,,,,,,,,,,,,,,,,,,,,,,,,,,,,,,,,,,,,,,,,,,,,,,,,,,,,,,,,,,,,,,,,,,,,,,,,,,,,,,,,,,,,,,,,,,,,,,,,,,,,,,,,,0.04,0.03,,,,,,,,,,,,,,,,,,,,,,,,,,,,,0.03,,,,,,,,,,,,,,,0.05,0.01,,0.07,,,,0.02,0.04,,,,0.22,0.07,7.38,1.42,2.47,8.59,,18.37,4.24,4.66,,,0.07,0.01,0.04,,,,,,,,,,,,,,,,,,,
Guoluozangzuzizhizhou_632600,,,,,,,,,,,,,,,,,,,,,,,,,,,,,,,,,,,,,,,,,,,,,,,,,,,,,,,,,,,,,,,,,,,,,,,,,,,,,,,,,,,,,,,,,,,,,,,,,,,,,,,,,,,,,,,,,,,,,,,,,,,,,,,,,,,,,,,,,,,,,,,,,,,,,,,,,,,,,,,,,,,,,,,,,,,,,,,,,,,,,,,,,,,,,,,,,,,,,,,,,,,,,,,,,,,,,,,,,,,,,,,,,,,,,,,,,,,,,,,,,,,,,,,,,,,,,,,,,,,,,,,,,,,,,,,,0.56,0.55,,,,,,,,,,,,,,,,,,,,,,,,,,,,,,,,,,,,,,,,,,,,,,,,,,,,,,,,0.05,0.53,0.9,0.11,0.01,0.65,2.04,,12.24,1.59,,,,,,,,,,,,0.03,,,0.02,,,,,,,,,
Yushuzangzuzizhizhou_632700,,,,,,,,,,,,,,,,,,,,,,,,,,,,,,,,,,,,,,,,,,,,,,,,,,,,,,0.03,,,,,,,,,,,,,,,,,,,,,,,,,,,,,,,,,,,,,,,,,,,,,,,,,,,,,,,,,,,,,,,,,,,,,,,,,,,,,,,,,,,,,,,,,,,,,,,,,,,,,,,,,,,,,,,,,,,,,,,,,,,,,,,,,,,,,,,,,,,,,,,,,,,,,,,,,,,,,,,,,,,,,,,,,,,,,,,,,,,,,,,,,,,,,,,,,,,,,,,,,,,,,,,,,,,,,,,,,,,1.3,,,,,,,,,,,,,,,,,,,,,,,,,,,0.2,,6.15,0.03,0.01,1.65,,,,,,,,,,,0.09,,,,,,,,,,,,,0.03,,0.85,0.13,0.01,0.07,0.04,1.43,,2.44,,,,,,,,,,,,,,,,,,,,,,,,
Haiximengguzuzangzuzizhizhou_632800,,,,,,,,,,,,,,,,,,,,,,,,0.04,,,,,,,,,,,,0.05,,,,,,,,,,,,,,,,,,,,,,,,,,,,,,,,,,,,,,,,,,,,,,,,,,,,,,,,,,,,,,,,,,,,,,,,,,,,,,,,,,,,,,,,,,,,,,,,,,,,,,,,,,,,,,,,,,,,,,,,,,,,,,,,,,,,,,,,,,,,,,,,,,,,,,,,,,,,,,,,,,,,,,,,,,,,,,,,,,,,,,,,,,,,,,,,,,,,,,,,,,,,,,,,,,,,,,,,,,,,,,,,,0.01,,,,,,,,,,,,,,,,,,,,,,,,,,,,,,,,,,,,,,,5.02,0.62,0.06,0.28,0.3,5.37,0.4,,,0.21,,,,,,,,0.16,,,0.17,0.12,0.07,0.17,0.05,1.02,,0.02,,0.35,0.04,4.36,1.27,1.3,0.27,2.06,1.5,10.26,,,,0.08,0.05,0.09,,,,0.14,0.08,0.02,9.53,0.29,,0.1,1.07,0.08,0.01,,,,,,
Yinchuanshi_640100,0.12,,0.06,,,,,0.06,0.09,,0.06,,0.03,0.05,0.04,0.06,0.05,0.05,0.06,0.08,0.1,,0.06,0.11,0.22,0.36,7.25,0.06,0.03,3.66,,1.57,0.04,0.02,0.07,13.01,,0.14,0.03,0.03,0.06,,,,0.03,,,,,,0.06,,,0.01,,,,,0.05,,,,,,,,,,,,,,,,,,,,,,,0.06,,0.04,,,,,,,,,,,,,,,,,,,,,,,,,,,,,,,0.04,,,,,,,,,0.04,,,,,,,,,,0.04,,,,,,,,0.04,,,,0.04,,,,0.05,,0.12,,,,0.04,0.06,0.05,,,,,,,,,,,,,,,,,,,,,,,,,,,,,,,,,,,,,,,,,,,,,,,,,,,,,,,,,,,,,,,,,,,,,,,,,,,,0.01,0.07,,0.01,,0.07,0.01,0.03,,0.01,0.02,0.01,,,,,,,,,0.03,,,,,0.06,0.03,,,0.02,,,,,,0.05,,0.0,,,,0.02,,,,,,,,,,,,,,,,,,,,0.08,,0.01,,,0.04,,0.03,,,,,0.22,0.29,0.29,0.22,0.21,1.24,0.28,2.67,,,0.83,0.19,0.79,1.93,0.39,1.11,0.73,2.58,0.29,6.88,0.3,0.19,0.15,0.02,0.26,0.06,0.01,0.12,0.01,,,0.19,,65.71,62.75,34.41,39.29,0.11,,0.04,0.17,0.02,,0.05,0.03,0.04,0.08,0.04,0.01,,0.09,,0.07,0.05,0.04,0.03
Shizuishanshi_640200,,,,,,,,,0.06,,,,,,0.03,,,,0.03,,,,0.05,0.03,0.03,0.09,6.26,,,1.82,,0.68,0.04,,,4.57,,,,,,,,,,,,,,,,,,,,,,,,,,,,,,,,,,,,,,,,,,,,,,,,,,,,,,,,,,,,,,,,,,,,,,,,,,,,,,,,,,,,,,,,,,,,,,,,,,,,,,,,,,,,,,,,,,,,,,,,,,,,,,,,,,,,,,,,,,,,,,,,,,,,,,,,,,,,,,,,,,,,,,,,,,,,,,,,,,,,,,,,,,,,,,,,,,,,,,,,,,,,,,,,,,,,,,,,,,,,,,,0.02,,,,,,,,,,,,,,,,,,,,,,,,,,,,,,,,,,,,,,,,,,,,,,,,,,0.14,,,0.13,,0.22,,,0.07,0.06,0.03,0.16,0.04,0.19,0.09,0.31,0.08,0.17,0.04,,,,,0.01,,0.02,,,,0.04,23.78,,2.9,3.06,2.28,,0.03,,,,,,,,,,,,,,,,0.01,
Wuzhongshi_640300,,,,,,,,,0.04,,,,,,,,,,0.02,0.05,,,0.06,0.14,0.04,0.06,0.79,,0.03,1.38,,0.29,0.01,,,1.96,,,,,,,,,0.06,,,,,,,,,,,,,,,,,,,,,,,,,,,,,,,,,,,,,,,,,,,,,,,,,,,,,,,,,,,,,,,,,,,,,,,,,,,,,,,,,,,,,,,,,,,,,,,,,,,,,,,,,,,,,,,,,,,,,,,,,,,,,,,,,,,,,,,,,,,,,,,,,,,,,,,,,,,,,,,,,,,,,,,,,,,,,,,,,,,,,,,,,,,,,,,,,,,,,,,,,,,,,,,,,,,,,,0.02,,,,,,,,,,0.01,0.01,,,,,,,,,,,,,,,,,,,,,,,,,,,,,,,,,,,,,,0.36,0.38,0.19,,1.06,0.12,2.91,,,0.25,,0.25,1.51,0.31,0.71,0.67,1.06,0.2,6.9,0.08,0.09,0.13,0.05,0.09,0.05,,,0.03,,,0.35,34.57,5.04,,13.21,23.29,,0.03,0.02,0.14,0.01,,,,,,,,,0.01,,0.05,,,
Guyuanshi_640400,,,,,,,,,,,,,,,,,,,,,,,,,,,0.13,,,0.08,,0.2,,,,0.19,,,,,,,,,,,,,,,,,,,,0.03,,,,,,,,,,,,,,,,,,,,,,,,,,,,,,,,,,,,,,,,,,,,,,,,,,,,,,,,,,,,,,,,,,,,,,,,,,,,,,,,,,,,,,,,,,,,,,,,,,,,,,,,,0.13,,,,,,,,,,,,,,,,,,,,,,,,,,,,,,,,,,,,,,,,,,,,,,,,,,,,,,,,,,,,,,,,,,,,,,,,,,,,,,,,,,,,,,,,,,,,,,,0.01,,,,,,,,,,,,,,,,,,,,,,,,,,,,,,,,,,,,,,,,,,,,,,,,,,,0.17,,0.6,0.06,,,,0.09,,0.09,0.23,,0.27,1.46,0.82,0.19,0.19,11.21,0.08,5.16,0.3,0.23,0.11,0.01,0.05,0.03,0.01,0.07,,,0.09,0.17,8.18,3.11,4.98,,16.42,0.02,,,0.07,0.01,,,,,,,0.01,,0.01,,,,,
Zhongweishi_640500,,,,,,,,,,,,,,,,,,,0.02,,,,,0.03,,0.09,0.46,,,0.32,,0.15,,,,9.07,,,,,,,,,,,,,,,,,,,,,,0.02,,,,,,,,,,,,,,,,,,,,,,,,,,,,,,,,,,,,,,,,,,,,,,,,,,,,,,,,,,,,,,,,,,,,,,,,,,,,,,,,,,,,,,,,,,,,,,,,,,,,,,,0.29,,,,,,,,,,,,,0.04,,,,,,,,,,,,,,,,,,,,,,,,,,,,,,,,,,,,,,,,,,,,,,,,,,,,,,,,,,,,,,,,,,,,,,,,,,,,,,,,,,,,,,,,,,,,,,,,,,0.0,,,,,,,,,,,,,,,,,,,,,,,,,,,,,,,,,,,,,0.36,0.08,0.23,0.13,,0.52,,0.18,0.41,0.09,0.61,6.53,0.23,1.39,0.75,1.03,0.26,0.99,0.22,0.03,0.12,0.04,0.1,0.03,,,0.03,,,0.5,15.23,3.16,16.43,25.41,,0.04,0.02,0.06,0.21,0.02,0.02,,0.03,,,,,,,0.01,0.01,,,
Wulumuqishi_650100,,0.13,,,,,,0.05,,,,,,0.03,0.04,,,,0.01,,,,,0.02,0.03,0.12,,,,,,,,,,0.02,0.08,0.18,,0.07,0.09,0.05,0.06,0.02,,,,,,,0.08,0.03,,,,,,0.02,,,,,,,,,0.02,,0.04,,,,,,,,,,,,,,,,,,,,,,,,,,,,,,,,,,0.02,,,,,,,,,,,,,,,,,,,,,,,,,,,,,,,0.05,0.04,,,0.03,0.05,,,,,,,,,,,0.05,,0.09,,,,,,,,,,0.17,,,,,,0.05,,,,,,,,,,,,,,,0.03,,0.04,,,,,,,,,,,,,,,,,,,,,,,,,,,,,,,,,,,,,,,0.06,,,,,,,,,,0.04,0.2,,,,0.1,,,0.04,,0.02,0.08,0.01,0.03,,0.02,,0.05,,0.12,0.04,0.02,,0.04,0.02,0.07,0.02,,0.01,0.01,,0.0,,0.01,,,,0.01,,0.02,,,,,,,,,,,0.1,,,,,0.08,,,,,,0.17,,,,,0.11,,,,0.03,,2.02,0.08,,,,,,,0.1,0.18,,0.3,0.23,0.17,0.09,0.38,0.78,0.79,0.18,0.44,0.1,0.18,0.07,0.03,,0.12,0.01,0.03,,0.01,,,0.08,0.1,,0.03,0.08,0.05,,23.2,62.35,23.44,63.56,20.82,22.47,13.73,2.45,12.44,15.7,18.41,17.08,31.82,18.41,4.03,5.37,51.4,3.86
Kelamayishi_650200,,,,,,,,,,,,,,,,,,,,,,,,,,,,,,,,,,,,0.02,,,,,,,,,,,,,,,,,,,,,,,,,,,,,,,,,,,,,,,,,,,,,,,,,,,,,,,,,,,,,,,,,,,,,,,,,,,,,,,,,,,,,,,,,,,,,,,,,,,,,,,,,,,,,,,,,,,,,,,,,,,,,,,,,,,,,,,,,,,,,,,,,,,,,,,,,,,,,,,,,,,,,,,,,,,,,,,,,,,,,,,,,,,,,,,,,,,,,,,,,,,,,,,,,0.12,,,,,,,,,,,,,,,,,,,,,,,,,,,,,,,,,,,,,,,,,,,,,,,,,,,,,,,,,,,,,,,,,,,,,,,,,0.01,,,,,,,,,0.01,,0.02,,,,,,,,,,,,,,,1.56,,0.28,0.08,0.91,1.06,0.36,0.31,0.04,0.39,0.2,12.16,9.46,1.57,2.57,0.12,,0.4,0.16
Tulufanshi_650400,,,,,,,,,,,,,,,,,,,,,,,,,,,,,,,,0.02,,,,0.04,,,,,,,,,,,,,,,,,,,,,,,,,,,,,,,,,,,,,,,,,,,,,,,,,,,,,,,,,,,,,,,,,,,,,,,,,,,,,,,,,,,,,,,,,,,,,,,,,,,,,,,,,,,,,,,,,,,,,,,,,,,,,,,,,,,,,,,,,,,,,,,,,,,,,,,,,,,,,,,,,,,,,,,,,,,,,,,,,,,,,,,,,,,,,,,,,,,,,,,,,,,,,,,,,,,,,,,,,,,,,,,,,,,,,,,,,,,,,,,,,,,,,,,,,,,,,,,0.01,,,,,,,,,,,,,,,,,,,,,,,,,,,0.03,0.03,,,0.04,0.05,,0.16,,0.02,,,,,,,,0.01,,,,,,,,0.05,5.18,0.55,,7.45,1.24,0.16,7.3,4.02,0.12,0.87,0.84,0.64,0.52,0.11,0.54,0.67,0.2,0.37,0.45
Hamishi_650500,,,,,,,,,,,,,,,,,,,,,,,,,,,,,,,,0.05,,,,2.85,,,,,,,,,,,,,,,,,,,,0.01,,,,,,,,,,,,,,,,,,,,,,,,,,,,,,,,,,,,,,,,,,,,,,,,,,,,,,,,,,,,,,,,,,,,,,,,,,,,,,,,,,,,,,,,,,,,,,,,,,,,,,,,,,,,,,,,,,,,,,,,,,,,,,,,,,,,,,,,,,,,,,,,,,,,,,,,,,,,,,,,,,,,,,,,,,,,,,,,,,,,,,,,,,,,,,,,,,,,,,,,,,,,,,,,,,,,,,,,,,,,,,,,,,,,,,,,,,,,,,,,,,,,,,,,,,,,,,,,,,,,,0.05,0.44,0.09,0.08,0.08,0.56,1.19,0.05,6.03,,0.05,0.06,0.02,,0.03,0.01,0.05,,,,,0.16,,,0.04,0.04,0.03,3.27,0.97,11.31,,3.47,0.74,1.69,1.29,0.1,0.52,0.25,1.33,0.78,0.79,0.78,0.15,0.05,0.79,0.29
Changjihuizuzizhizhou_652300,,,,,,,,,,,,,,,0.02,0.02,,,,,,,,0.03,,,,,,,,0.06,,,,0.04,,,,,,,,,,,,,,,,,,,,,,,,,,,,,,,,0.04,,,,,,,,,,,,,,,,,,,,,,,,,,,,,,,,,,,,,,,,,,,,,,,,,,,,,,,,,,,,,,,,,,,,,,,,,,,,,,,,,,,,,,,,,,,,,0.09,,,,,,,,,,,,,,,,,,,,,,,,,,,,,,,,,,,,,,,,,,,,,,,,,,,,,,,,,,,,,,,,,,,,,,,,,,,,,0.04,,,,,,,,,,,0.02,,,,,,,,,,,,,,,,,,,,,,,,,,,,,,,,,,,,,,,,,,,,,,,,,,,,,,,,,,,,,,,,,,,,0.04,0.07,,0.05,0.07,0.27,0.27,0.03,0.22,,0.05,0.06,,,,,,,,,,0.06,,,,,,42.57,5.41,8.17,10.58,,3.21,2.6,1.38,0.6,1.18,1.76,3.5,7.42,5.73,23.86,0.4,0.4,37.33,1.99
Boertalamengguzizhizhou_652700,,,,,,,,,,,,,,,,,,,,,,,,,,,,,,,,,,,,,,,,,,,,,,,,,,,,,,,,,,,,,,,,,,,,,,,,,,,,,,,,,,,,,,,,,,,,,,,,,,,,,,,,,,,,,,,,,,,,,,,,,,,,,,,,,,,,,,,,,,,,,,,,,,,,,,,,,,,,,,,,,,,,,,,,,,,,,,,,,,,,,,,,,,,,,,,,,,,,,,,,,,,,,,,,,,,,,,,,,,,,,,,,,,,,,,,,,,,,,,,,,,,,,0.01,,,,,,,,,,,,,,,,,,,,,,,,,,,,,,,,,,,,,,,,,,,,,,,,,,,,,,,,,,,,,,,,,,,,,,,,,,,,,,,,,,,,,,,,,,,,,,,,,,,1.49,0.51,0.17,0.07,0.44,,0.24,0.19,0.08,0.66,0.16,4.61,1.22,0.33,0.7,0.11,0.2,0.11,0.12
Bayinguolengmengguzizhizhou_652800,,,,,,,,,,,,,,,,,,,,,,,,,,,,,,,,,,,,0.09,,,,,,,,,,,,,,,,,,,,,,,,,,,,,,,,,,,,,,,,,,,,,,,,,,,,,,,,,,,,,,,,,,,,,,,,,,,,,,,,,,,,,,,,,,,,,,,,,,,,,,,,,,,,,,,,,,,,,,,,,,,,,,,,,,,,,,,,,,,,,,,,,,,,,,,,,,,,,,,,,,,,,,,,,,,,,,,,,,,,,,,,,,,,,,,,,,,,,,,,,,,,,,,,,,,,,,,,,,,,,,0.01,,,,,,0.02,,,,,,,,,,,,,,,,,,,,,,,,,,,,,,,,,,,,,,,,,,,,,,,,,,,,,,0.01,0.07,,,0.12,0.11,,0.2,,0.02,0.03,,,0.05,,0.01,,,,,7.25,,,,,,4.03,0.74,4.83,6.39,0.76,0.39,,32.0,0.48,3.44,13.32,3.08,0.35,0.25,0.48,2.75,1.3,0.47,85.81
Akesudiqu_652900,,,,,,,,,,,,,,,,,,,,,,,,,,,,,,,,,,,,,,,,,,,,,,,,,,,,,,0.06,,,,,,,,,,,,,,,,,,,,,,,,,,,,,,,,,,,,,,,,,,,,,,,,,,,,,,,,,,,,,,,,,,,,,,,,,,,,,,,,,,,,,,,,,,,,,,,,,,,,,,,,,,,,,,,,,0.04,,,,,,,,,,,,,,,,,,,,,,,,,,,,,,,,,,,,,,,,,,,,,,,,,,,,,,,,,,,,,,,,,,,,,,,,,,,,,,,,,,,,,,,,,,,,,,,,,,,,,,,,,,,,,,,,,,,,,,,,,,,,,,,,,,,,,,,,,,,,,,,,,,,,,,,0.01,0.01,,,0.11,0.27,,0.04,,0.02,0.03,,,,,0.01,,,,,0.15,,,,,,2.16,0.42,0.71,0.59,0.31,0.67,21.4,,8.89,20.94,8.2,0.44,0.19,0.13,0.31,81.58,19.54,0.13,1.57
Kezileisukeerkezizizhizhou_653000,,,,,,,,,,,,,,,,,,,,,,,,,,,,,,,,,,,,,,,,,,,,,,,,,,,,,,,,,,,,,,,,,,,,,,,,,,,,,,,,,,,,,,,,,,,,,,,,,,,,,,,,,,,,,,,,,,,,,,,,,,,,,,,,,,,,,,,,,,,,,,,,,,,,,,,,,,,,,,,,,,,,,,,,,,,,,,,,,,,,,,,,,,,,,,,,,,,,,,,,,,,,,,,,,,,,,,,,,,,,,,,,,,,,,,,,,,,,,,,,,,,,,,,,,,,,,,,,,,,,,,,,,,,,,,,,,,,,,,,,,,,,,,,,,,,,,,,,,,,,,,,,,,,,,,,,,,,,,,,,,,0.03,,,,,,,,,,,,,,,,,,,,,,0.24,0.06,,,0.02,0.09,0.15,1.66,,25.45,0.98,0.07,0.0,,0.01,0.16,1.3,,0.06
Kashidiqu_653100,,,,,,,,,,,,,,,,,,,,,,,,,,,,,,,,,,,,,,,,0.02,,,,,,,,,,,,0.02,,,,,,,,,,,,,,,,,,,,,,,,,,,,,,,,,,,,,,,,,,,,,,,,,,,,,,,,,,,,,,,,,,,,,,,,,,,,,,,,,,,,,,,,,,,,,,,,,,,,,,,,,,,,,,,,,,,,,,,,,,,,,,,,,,,,,,,,,,,,,,,,,,,,,,,,,,,,,,,,,,,,,,,,,,,,,,,,,,,,,,,,,,,,,,,,,,,,,,,,,,,,,,,,,,,,,,,,,,,,,,,,,,,,,,,,,,,,,,,,,,,,,,,,,,,,,,3.03,,,,,,,,,,,,,0.03,0.04,,0.06,,,,,,0.03,,,,,,,,,,,,,,,,1.54,0.26,0.3,0.19,0.18,1.57,1.76,8.38,83.92,,14.99,0.38,0.21,0.15,0.21,1.34,65.17,0.21,0.96
Hetiandiqu_653200,,,,,,,,,,,,,,,,,,,,,,,,,,,,,,,,,,,,,,,,,,,,,,,,,,,,,,0.01,,,,,,,,,,,,,,,,,,,,,,,,,,,,,,,,,,,,,,,,,,,,,,,,,,,,,,,,,,,,,,,,,,,,,,,,,,,,,,,,,,,,,,,,,,,,,,,,,,,,,,,,,,,,,,,,,,,,,,,,,,,,,,,,,,,,,,,,,,,,,,,,,,,,,,,,,,,,,,,,,,,,,,,,,,,,,,,,,,,,,,,,,,,,,,,,,,,,,,,,,,,,,,,,,,,,,,,,,,,0.01,,,,,,,,,,,,,,,,,,,,,,,,,,,,,,,,,5.06,,,,,,,,,,,,,,,,,,,,,,,,,,,,,,,,,,,,,,0.68,0.21,0.04,,0.08,0.74,2.86,1.98,0.7,6.97,,0.1,0.05,,0.02,0.93,0.45,,0.51
Yilihasakezizhizhou_654000,,,,,,,,,,,,,,,,,,,,,,,,,,,,,,,,,,,,,,,,,,,,,,,,,,,,,,,,,,,,,,,,,,,,,,,,,,,,,,,,,,,,,,,,,,,,,,,,,,,,,,,,,,,,,,,,,,,,,,,,,,,,,,,,,,,,,,,,,,,,,,,,,,,,,,,,,,,,,,,,,,,,,,,,,,,,,,,,,,,,,,,,,,,,,,,,,,,,,,,,,,,,,,,,,,,,,,,,,,,,,,,,,,,,,,,,,,,,,,,,,,,,,,,,,,,,,,,,,,,,,0.0,,,,,,,,,,,,,,,,,,,,,,,,,,,,,,,,,,,,,,,,0.02,,,,,,,,,,,,,,,,,,0.01,,,0.05,,,0.04,,,,,,,,,,,,,,,,,,,4.38,31.32,0.39,0.84,1.09,8.94,2.61,0.98,0.12,1.13,0.64,,21.99,1.47,2.93,0.43,0.1,0.57,0.35
Tachengdiqu_654200,,,,,,,,,,,,,,,,,,,,,,,,,,,,,,,,,,,,,,,,0.03,,,,,,,,,,,,,,,,,,,,,,,,,,0.03,,,,,,,,,,,,,,,,,,,,,,,,,,,,,,,,,,,,,,,,,,,,,,,,,,,,,,,,,,,,,,,,,,,,,,,,,,,,,,,,,,,,,,,,,,,,,,,,,,,,,,,,,,,,,,,,,,,,,,,,,,,,,,,,,,,,,,,,,,,,,,,,,,,,,,,,,,,,,,,,,,,,,,,,,,,,,,,,,,,,,,,,,,,,,,,,,,,,,,,,,,,,,,,,,,,,,,,,,,,,,,,,,,,,,,,,,,,,,,,,,,,,,,,,,,,,,0.01,,,,,,,,,,,,,,,,,,,,,,,,,5.44,22.65,1.47,1.05,4.33,4.14,0.54,0.31,0.16,0.37,0.18,21.14,,3.75,43.68,0.14,0.1,1.53,0.54
Aleitaidiqu_654300,,,,,,,,,,,,,,,,,,,,,,,,,,,,,,,,,,,,,,,,,,,,,,,,,,,,,,,,,,,,,,,,,,,,,,,,,,,,,,,,,,,,,,,,,,,,,,,,,,,,,,,,,,,,,,,,,,,,,,,,,,,,,,,,,,,,,,,,,,,,,,,,,,,,,,,,,,,,,,,,,,,,,,,,,,,,,,,,,,,,,,,,,,,,,,,,,,,,,,,,,,,,,,,,,,,,,,,,,,,,,,,,,,,,,,,,,,,,,,,,,,,,,,,,,,,,,,,,,,,,,,,,,,,,,,,,,,,,,,,,,,,,,,,,,,,,,,,,,,,,,,,,,,,,,,,,,,,,,,,,,,,,,,,,,,,,,,,,,,,,,,,,2.39,1.46,0.04,0.16,1.18,0.18,0.15,0.13,,0.06,0.29,0.51,1.31,,0.41,0.01,0.1,2.67,0.25
Shihezishi_659001,,,,,,,,,,,,,,,,,,,,,,,,,,,,,,,,,,,,,,,,,,,,,,,,,,,,,,,,,,,,,,,,,,,,,,,,,,,,,,,,,,,,,,,,,,,,,,,,,,,,,,,,,,,,,,,,,,,,,,,,,,,,,,,,,,,,,,,,,,,,,,,,,,,,,,,,,,,,,,,,,,,,,,,,,,,,,,,,,,,,,,,,,,,,,,,,,,,,,,,,,,,,,,,,,,,,,,,,,,,,,,,,,,,,,,,,,,,,,,,,,,,,,,,,,,,,,,,,,,,,,,,,,,,,,,,,,,,,,,,,,,,,,,,,,,,,,,,,,,,,,,,,,,,,,,,,,,,,,,0.01,,,0.04,0.04,0.03,,0.03,,,,,,,,,,,,,,,,,0.02,,5.0,5.59,1.21,0.55,10.73,1.62,0.51,0.21,0.22,0.46,0.18,3.0,36.18,0.89,,0.16,0.25,1.22,0.61
Alaershi_659002,,,,,,,,,,,,,,,,,,,,,,,,,,,,,,,,,,,,,,,,,,,,,,,,,,,,,,,,,,,,,,,,,,,,,,,,,,,,,,,,,,,,,,,,,,,,,,,,,,,,,,,,,,,,,,,,,,,,,,,,,,,,,,,,,,,,,,,,,,,,,,,,,,,,,,,,,,,,,,,,,,,,,,,,,,,,,,,,,,,,,,,,,,,,,,,,,,,,,,,,,,,,,,,,,,,,,,,,,,,,,,,,,,,,,,,,,,,,,,,,,,,,,,,,,,,,,,,,,,,,,,,,,,,,,,,,,,,,,,,,,,,,,,,,,,,,,,,,,,,,,,,,,,,,,,,,,,,,,,,,,,0.02,,,,,,,,,,,,,,,,,,,,,,0.11,,,0.07,0.03,0.04,0.5,21.69,0.18,0.45,1.74,0.03,0.01,0.03,0.09,,1.55,0.04,0.16
Tumushukeshi_659003,,,,,,,,,,,,,,,,,,,,,,,,,,,,,,,,,,,,,,,,,,,,,,,,,,,,,,,,,,,,,,,,,,,,,,,,,,,,,,,,,,,,,,,,,,,,,,,,,,,,,,,,,,,,,,,,,,,,,,,,,,,,,,,,,,,,,,,,,,,,,,,,,,,,,,,,,,,,,,,,,,,,,,,,,,,,,,,,,,,,,,,,,,,,,,,,,,,,,,,,,,,,,,,,,,,,,,,,,,,,,,,,,,,,,,,,,,,,,,,,,,,,,,,,,,,,,,,,,,,,,,,,,,,,,,,,,,,,,,,,,,,,,,,,,,,,,,,,,,,,,,,,,,,,,,,,,,,,,,,,,,,,,,,,,,,,,,,,,,,,,,,,0.08,0.02,0.02,,0.01,,0.09,1.53,0.44,11.78,0.13,0.03,,0.01,,0.31,,,0.16
Wujiaqushi_659004,,,,,,,,,,,,,,,,,,,,,,,,,,,,,,,,,,,,,,,,,,,,,,,,,,,,,,,,,,,,,,,,0.01,,,,,,,,,,,,,,,,,,,,,,,,,,,,,,,,,,,,,,,,,,,,,,,,,,,,,,,,,,,,,,,,,,,,,,,,,,,,,,,,,,,,,,,,,,,,,,,,,,,,,,,,,,,,,,,,,,,,,,,,,,,,,,,,,,,,,,,,,,,,,,,,,,,,,,,,,,,,,,,,,,,,,,,,,,,,,,,,,,,,,,,,,,,,,,,,,,,,,,,,,,,,,,,,,,,,,,,,,,,,,,,,,,,,,,,,,,,,,,,,,,,,,,,,,,,,,,,,,,0.03,,,0.02,,0.01,,,0.01,,,,,,,,,,,,,,8.35,0.28,0.41,0.37,7.48,0.25,0.28,0.1,0.02,0.12,0.13,0.27,0.52,0.91,0.83,0.08,0.45,,0.35
Tiemenguanshi_659006,,,,,,,,,,,,,,,,,,,,,,,,,,,,,,,,,,,,,,,,,,,,,,,,,,,,,,,,,,,,,,,,,,,,,,,,,,,,,,,,,,,,,,,,,,,,,,,,,,,,,,,,,,,,,,,,,,,,,,,,,,,,,,,,,,,,,,,,,,,,,,,,,,,,,,,,,,,,,,,,,,,,,,,,,,,,,,,,,,,,,,,,,,,,,,,,,,,,,,,,,,,,,,,,,,,,,,,,,,,,,,,,,,,,,,,,,,,,,,,,,,,,,,,,,,,,,,,,,,,,,,,,,,,,,,,,,,,,,,,,,,,,,,,,,,,,,,,,,,,,,,,,,,,,,,,,,,,,,,,,,,,,,,,,,,,,,,,,,,,,,,,,0.05,,0.06,,,,12.46,0.17,,0.03,,,0.01,,0.01,0.02,,0.06,
